709
179
1053
1522
-737
372
-556
647
863
17
476
1175
-410
-602
-731
-1030
590
-167
276
-708
1539
-525
-1541
654
552
575
1519
-675
-671
-729
-671
-581
514
141
1383
547
701
-229
-5
1646
1175
-221
1317
455
271
-329
-306
200
803
-220
118
-228
154
-373
-93
-546
-519
741
-1505
1006
1452
-1430
-181
716
-602
1598
1062
327
1326
-914
1436
1301
1288
1553
1023
450
1123
1231
-888
769
994
806
1591
-1400
-1651
-128
230
-984
-1522
1187
-699
1058
-493
-276
1255
-423
326
97
508
788
-520
-1023
1140
443
-710
-1470
364
784
-1444
307
-14
-806
-1046
197
1225
960
-536
-844
1249
-122
1114
482
-1477
-1330
182
1549
-993
-1558
1171
805
-952
947
-1023
-1314
-585
1652
-760
-1390
-829
1198
112
-1146
176
208
251
805
1523
420
-137
-839
-273
-1433
1364
1281
296
-323
-177
-1246
1552
22
-334
-410
-999
600
-690
959
-174
1016
1303
-278
353
160
-747
-549
1325
-646
-155
-81
221
-871
1565
-1043
-1395
1219
-1236
-1563
-1437
-1556
300
-1203
-1282
507
-912
0
1267
1369
926
700
-203
-1025
-1454
1424
-1361
331
1125
-642
-1109
-994
812
1257
-31
-1068
1214
321
634
1629
-969
102
1054
-1203
-874
314
57
87
324
-1451
195
484
1002
-416
1219
-817
1453
1455
-35
1358
-1438
-647
-1284
-1147
547
-613
1401
661
1217
-1473
141
-385
118
-1272
706
-417
1484
1220
-360
144
-209
-1340
489
800
-1616
1223
-371
-1567
1018
-660
1626
356
1091
-32
239
-1404
-149
270
-274
-1099
1240
-1296
1549
-580
-556
1530
1059
485
-1564
-1662
594
836
-1396
-1586
-652
586
-1252
-1388
277
1159
-773
-684
-678
-566
169
-1108
1357
-1077
1562
1401
877
-375
1166
1233
12
-766
1220
188
-45
750
1463
-138
-1189
771
-147
-615
-994
-1647
-204
1027
-958
378
-249
517
525
-1464
1568
-1199
-589
263
865
-1276
-1560
1170
950
1161
90
-1365
-1120
1374
983
-1223
-234
1461
370
-506
1333
423
-350
1366
620
-1120
-798
227
706
1316
1171
-1437
1502
-500
-1514
-850
1256
929
-1041
1372
-1528
1006
1135
-495
-1280
-100
-268
1411
-558
1434
551
1366
1203
-922
911
-1175
-1060
215
632
-881
-777
-1571
738
1431
1440
-125
-489
-1271
-343
443
-189
-1004
-1140
560
-899
-400
-373
373
953
769
361
-1002
246
919
566
393
-349
804
1362
-1539
-1662
-1161
608
497
1565
-775
-24
-855
501
1105
-660
-1521
-230
-107
-1362
-399
-646
440
-397
-1224
970
-1144
1583
754
779
1349
-352
-10
1420
1055
1434
275
-963
-195
448
-1374
390
298
-685
368
-1554
699
-378
-1556
1034
-1629
26
-465
364
-1359
651
-120
166
562
1479
-33
1224
800
223
1247
975
-393
296
-965
517
-1351
1039
-1087
-802
981
-1300
992
-1139
1032
272
-302
589
1515
1493
-1377
592
-256
-615
1594
-1439
532
-1373
1532
619
-501
-81
128
-956
-1034
766
-1242
-486
1201
712
-388
486
-1316
1596
894
1573
-32
501
701
-615
-1444
1113
867
-1182
1535
442
702
-1275
-1131
91
-1029
956
1595
939
-1519
384
-781
1664
-1353
-1073
221
-164
-893
-420
-32
-1510
139
444
1512
-1201
377
-975
731
1029
-1102
-893
-544
-532
579
-491
-522
1302
1130
-930
-1265
935
273
232
838
738
-444
-1293
-1400
244
587
885
57
1565
155
-1001
209
-348
635
321
-1070
414
1655
211
744
-1592
-785
570
-743
1587
-893
710
400
452
-16
1593
1226
-1452
1060
-566
1403
-129
-778
-90
576
1013
-1425
-1460
-1152
-1243
230
927
-137
862
-1145
-784
-923
-1086
841
-860
-769
-58
-51
1347
1079
-216
-160
-401
830
679
948
547
912
-65
891
-1448
-1052
-1461
943
1593
-579
-248
829
-111
1053
-1370
-517
1103
712
-537
-1371
-710
288
1633
1123
81
1585
572
1184
662
1207
1297
-708
-585
1289
1303
-1167
74
-329
-1351
-88
-774
1208
-1258
598
-1386
-894
-996
-1006
1654
1401
-737
458
676
4
-891
-1110
1224
1454
-878
1542
-1471
1251
251
1237
1601
-582
-1584
367
1212
-555
243
-108
-725
934
-1016
442
-551
-1057
574
-1484
1444
923
-913
-1187
-1195
-566
1197
373
-916
-1383
-248
-1227
695
-883
716
-1395
-1553
1275
681
1083
-56
-1398
1065
594
-766
611
1109
300
733
-914
543
-1598
-393
1660
-116
148
1296
1544
1416
-1277
917
-1017
1192
192
-590
-1648
-535
-1381
848
-288
-1208
-1110
1451
-629
336
-722
62
-941
1117
1039
493
-1513
-923
-1226
-1224
1377
-228
-277
85
1068
638
1178
-1147
-1624
351
1254
811
-1290
-1344
908
-923
468
-648
294
-822
-127
804
-40
107
-1009
-52
-1346
822
1494
619
-1208
-1435
-1129
-1473
-834
589
1374
692
1317
356
605
-1409
1052
1119
571
1518
1430
468
-799
-903
-720
664
463
-336
1581
-1559
-1267
-1153
1422
99
530
237
-5
-1000
721
805
-1003
587
-638
-886
-1206
-988
1660
-426
1421
442
331
1535
1556
-75
1423
-261
-1366
494
-1202
-1485
727
950
-760
-592
-520
1411
1629
-1373
-375
-1345
-922
-370
1549
-931
1557
1272
393
-817
-395
-1376
-1601
1222
467
-462
-81
563
519
341
-172
-1442
868
-1590
493
464
-865
-358
974
764
1601
-642
904
740
805
-1581
-1096
-1412
-339
-1255
-140
-859
-479
-1164
-1552
1404
1204
968
797
544
842
1080
-655
135
228
520
283
-1427
-1136
-462
-112
-144
554
1153
-1137
389
4
-824
-1371
-663
954
833
306
-755
-1543
1069
-493
558
-823
-1156
248
-1615
930
-1314
-1091
881
-395
1198
-1634
286
860
-242
544
1146
-102
-227
-653
-228
-656
-1113
1578
1433
452
-1573
-531
-263
345
-349
-1527
1064
923
-479
-1513
813
-776
-416
-840
-71
-953
986
1653
186
1279
-1154
-324
1536
1513
840
-626
-443
50
-366
-1562
109
386
-1579
-392
-1226
-1379
1047
-1056
-1608
-1019
-184
3
724
-1568
255
-571
-706
-450
-103
453
-1401
934
-1383
-1108
-274
271
-220
870
1645
1120
-65
645
-619
497
-760
-993
-1284
1462
-643
-172
-818
897
227
-1450
-832
-943
-218
-575
1202
-215
1246
-1350
-185
-1397
-538
-1251
1458
1304
-1366
964
-399
1652
-937
-1070
1252
-368
741
-1214
292
519
-1066
204
1484
-463
912
-765
1135
-692
-390
-1566
-427
-98
1159
577
-434
1632
-1236
1592
-1573
700
-1160
-1192
753
316
-210
-1588
1041
-1425
-1211
-438
-1448
645
1564
410
1323
1333
-1159
1462
-1156
-581
1012
1647
-1122
597
-1630
231
969
-803
-223
-1145
-222
1563
-1105
-336
1043
-1168
-8
-1060
456
1287
-534
-758
1537
-1349
-357
876
-929
349
289
955
1164
-1626
-500
-1530
10
-703
843
-359
-622
490
-765
-1276
215
-1222
1148
607
-553
-1517
-925
83
-710
181
9
-942
1014
-430
-556
327
1028
-1292
566
1526
-491
169
-1099
229
1551
1311
-84
-1492
1378
-1363
1002
-945
361
-241
-1277
-223
-1183
900
-234
-519
1087
12
-760
-597
-795
-1455
207
1433
-1040
639
-103
898
-672
1613
215
-368
259
-1053
-1353
1538
-1664
1396
669
1650
16
-44
1507
-1393
1604
-446
-647
463
-988
1584
-1029
1392
221
-1086
-1390
-343
1603
1004
-397
448
-1392
-329
1032
1435
1414
-494
-1653
-1500
-859
-290
-104
-904
-612
1492
986
-1194
22
-1157
-1489
-1285
-347
487
-1282
1636
1117
-1194
-1166
1428
-869
-1432
1017
1138
-279
446
661
973
1428
276
920
-803
1549
195
21
385
-1258
1509
-33
1271
70
-641
229
-1399
674
1029
-751
664
449
575
-783
1087
-564
27
43
-1375
301
1060
125
1461
-1436
-1125
-200
900
-999
-1335
522
1518
-604
-1269
866
-376
581
225
1146
760
-216
-1597
1237
38
-1529
-1147
441
-118
1323
-1279
1636
-1616
-541
974
191
-882
-965
304
-1345
66
-968
867
-97
927
-577
1062
293
-1374
431
171
-1232
-594
1146
-372
-1566
-1212
-242
-623
-1287
821
1565
368
-459
215
590
118
-929
-796
-1121
851
1316
-1047
-1471
622
-665
1009
-1178
-844
1497
-407
1519
1663
793
158
-73
577
255
285
-1547
989
1425
-554
1527
-1556
638
-1116
805
1083
-1128
-567
-873
1279
934
1265
-1635
-647
-43
1655
1605
-786
-449
-584
-47
-451
863
-1646
120
35
-462
881
-787
-1058
203
576
-263
-1538
-972
1488
584
279
1512
-885
-1341
1520
-1626
-1138
-262
-1582
410
-982
535
1236
-234
-1456
-448
761
-1344
1037
1159
-125
420
1258
38
-897
944
-1042
-2
1286
-1051
-812
174
629
190
353
-1357
8
-1087
1000
1332
934
484
1454
-1597
884
-1398
1632
-1474
-1452
-1174
-589
315
-1199
-332
-580
521
-1652
-1328
540
1232
48
-108
-225
641
-126
829
-1595
1045
-463
1024
305
-1159
1376
-575
-827
-68
-294
-614
-1523
-261
-1198
-6
591
-1624
-738
1142
1150
106
-1527
743
1298
669
1546
-1483
837
-882
-285
-1411
688
84
1592
-305
-501
-1625
-556
1099
-669
609
-1547
1271
947
968
43
-1096
473
-811
1163
1071
-1570
720
-235
-1563
43
1330
71
-172
-1177
-1609
166
1035
218
-652
101
-809
1191
-1094
-921
1431
-136
-1180
-199
-804
-1618
-46
-1463
-1579
-174
1026
1645
1097
1525
900
124
1077
-1261
-306
-19
778
-1037
1337
-360
544
699
-490
1439
1218
-1074
-688
1023
1563
533
623
1138
743
1638
395
271
226
966
555
-158
1383
-156
361
230
1516
1035
239
1090
-1299
361
1350
1383
-825
-1447
407
823
952
-563
1540
556
-407
548
1035
1291
272
-1064
-272
-72
1389
807
1593
-1632
-420
309
-893
-287
1056
429
506
266
-1208
443
70
-1507
-1367
-1453
247
1336
1181
179
-1169
1042
-197
-1526
1259
1170
-66
-223
424
-933
-1303
-1298
1035
1480
1194
392
-1516
1520
605
840
-506
408
-1093
1279
-1556
388
1560
-1438
-543
-1451
1253
-568
-1353
-1647
1160
1104
-1541
428
-892
-1386
-1230
-750
886
1432
885
-364
-94
-1426
382
851
1273
-962
-608
-1347
-585
-959
479
600
-835
-797
832
6
949
1365
368
-526
-970
1108
1077
727
1393
-768
-1596
946
-162
-1190
570
1334
48
-1112
649
-525
-873
196
-818
-1336
-305
416
563
-39
872
1239
-1419
1486
-770
-747
-869
-1205
-601
386
-880
1614
-1
-1346
-1315
183
1659
300
1644
1286
-481
845
-32
843
-529
-1370
1368
-34
-824
1425
-1470
299
440
955
801
-804
1347
129
1106
1069
-1432
523
60
325
-437
-814
878
1366
-1583
-1581
-480
-1550
1085
2
-349
-987
149
1358
-297
-938
90
-222
-109
1513
1105
1207
1488
-1420
187
-2
501
124
61
-878
-726
1356
-1091
-793
-864
-166
19
532
-677
1003
-183
-397
-1214
527
449
1423
1441
351
514
699
-1576
1589
574
-269
-967
785
1279
636
886
-530
492
1614
1193
-874
388
-535
-302
-1142
-309
779
507
-1600
983
518
-636
-374
-1623
-578
-1143
1346
-1463
-587
-891
1211
1637
1007
-170
592
-81
7
-1161
-1622
1091
-1122
-724
-1428
1028
-1077
-1244
-515
-719
-1257
1388
322
-168
-593
-610
18
-1406
-1076
-1368
-1349
669
1080
1217
808
354
-48
1534
209
-1250
1550
-523
-1156
-669
772
1000
251
-1260
-183
1237
726
-844
1471
871
-942
175
1264
595
166
-671
1140
396
-1114
1251
583
220
-568
273
-1414
1023
-533
-830
1569
-609
1402
481
-631
499
-343
-95
-1657
474
213
1426
736
757
-360
-1558
-1246
85
1243
669
-117
1350
-1226
-334
-1637
6
-1626
1083
-1110
-22
-209
-1546
83
101
1075
1104
791
1456
-532
-1509
-1435
818
-1136
-862
-821
-1086
1393
-1229
383
1094
-1551
312
1060
-1480
1561
-52
-90
-1582
-257
-1070
-728
415
-794
1072
-222
800
-1091
661
-564
1151
-364
1597
480
-347
489
451
-1077
557
-1650
-365
-1023
1608
-1008
-1122
-533
1549
-1076
-1416
1091
216
-1623
-582
-1622
-795
610
-864
-1015
1297
1473
-672
-1252
-345
173
-663
1544
-461
70
-450
-260
-1462
308
-211
-1496
-665
-1087
-557
-1395
1126
-325
-568
1312
-184
804
910
252
-158
-1348
723
-690
-1586
1211
876
329
298
-500
1485
-802
-584
-703
1449
-111
-968
421
772
439
-576
-1592
-1639
280
-1178
-1366
307
515
-1196
-277
201
-1226
-687
-1262
-463
1105
188
1604
663
781
-139
84
942
919
1398
422
-1519
967
38
1216
-875
-239
-442
397
212
1577
-474
1333
-1611
1601
781
-1150
383
-982
-281
448
-517
436
-1660
-1551
-1449
1296
409
-34
-1056
-89
601
335
661
328
426
447
16
-542
-1453
-30
758
1174
1293
-982
-355
-938
581
-338
585
-1635
1286
871
738
-1395
1186
-726
1286
-1246
655
1180
610
-851
-454
-882
771
580
-780
-1489
1400
956
1279
1129
-1093
1363
-6
-208
960
1538
-870
751
190
-518
-649
480
-720
1257
-103
-774
609
-599
-1620
1632
-504
-144
180
773
-109
-605
1489
56
675
141
-430
-1298
-1251
1009
-1287
-962
-815
-919
-818
-943
1332
-737
-32
1411
-859
-708
-218
-930
488
1661
-7
1364
-411
1080
-564
-842
-839
218
-361
1537
-1606
-753
-1617
392
-478
1464
-733
1249
1559
-379
96
-1168
-684
-1042
-286
738
1408
-675
-1464
-826
-1250
1566
-1376
1661
67
-381
-11
-249
-305
1550
-1271
-909
-627
-409
1487
-243
624
942
-389
-556
-932
-1343
-1267
-567
-1307
-1049
1521
-301
-1579
-262
-74
-1241
-1498
-763
-1266
-631
1116
-158
1128
-612
-1007
-738
765
1055
-337
-1147
899
-1180
424
309
1487
616
886
619
-1181
-511
1143
-484
-188
-517
361
1084
-1059
298
1212
-426
-448
1135
921
1638
-1548
1633
377
-1620
655
-1069
1646
1115
-1275
-553
-1624
1485
-1012
-296
-794
38
252
-1427
1653
-1334
-947
1055
-533
-870
-562
286
-1041
-898
-90
-872
-562
-646
-601
-1049
1626
401
-349
743
-34
471
1234
-1361
130
-613
1353
-333
-1129
-544
-575
-1176
174
-1299
-469
-757
1325
1254
-270
-1074
-56
1522
-943
699
928
-1058
1228
-594
-405
-1614
287
336
1466
1180
44
1651
-299
-164
424
-1475
-1140
1467
-61
45
-850
-806
876
1027
-1285
752
-283
29
-931
261
-1524
-1623
457
-304
-321
-290
-721
-1024
-1280
-874
-533
-38
-1138
-952
284
708
-496
626
300
1391
-652
-1217
-153
1604
1208
-509
-109
-332
979
779
-345
1597
598
1411
985
1335
-348
614
-386
1086
-288
-493
523
-1143
799
127
-250
-1492
-1506
-552
-1656
457
-1570
-171
-1216
-71
-1662
-1415
-513
-103
1456
1080
915
925
1059
-171
-226
199
-622
-793
384
327
-553
-1154
126
-325
-521
1242
1425
662
-836
-1127
-534
979
1149
-1458
-229
-721
1405
-1497
-1123
1561
32
2
670
-472
-617
1068
1197
-1200
-861
-207
-813
-626
1269
-253
-523
329
-156
446
-101
610
-854
1143
-1485
1280
392
987
-367
1455
252
-410
1321
120
-1190
1455
-692
893
-599
889
1025
-363
1529
-780
525
-1557
-1108
881
1142
-624
-1200
396
1577
255
-1482
-1188
-1193
390
394
-1652
-1368
-1617
933
1509
1359
1568
652
-1305
415
-93
-433
-77
1589
357
1004
-927
-613
-1100
1182
-1622
1454
-1637
686
-374
-60
-1156
-775
576
338
-1339
-394
-220
390
841
343
-1297
-1366
941
601
997
-287
-132
577
1133
-132
1541
-1010
1422
1556
-1117
-1164
-963
-1099
-351
531
320
-1014
-1339
-614
688
975
669
-495
284
-1076
-786
490
1129
340
643
-156
-392
-1231
-951
-1341
483
1169
1209
1423
-847
-233
-1645
-83
707
802
-89
101
1405
661
1219
465
-15
-1486
1010
431
1353
28
-275
1275
-994
1584
-218
-1275
622
162
-882
-564
-1184
92
1364
436
-382
-1366
-155
-657
369
925
-1590
197
-836
262
-14
140
-177
-351
24
-509
178
-992
-637
79
1521
624
-1630
-1548
1052
-526
219
206
626
530
-1192
892
-132
849
1343
24
-687
-1312
-322
-445
-249
-907
-171
14
-181
836
655
-1434
432
-281
-792
-644
182
687
14
-763
-532
580
348
-54
-451
-1003
206
-1019
522
1529
-263
-763
-534
1095
-561
588
-156
-1414
-981
-499
1177
1418
-1014
1307
-118
-1658
392
254
653
1128
1615
1592
-1395
868
1059
-1317
330
-610
-1375
1303
767
1181
1149
493
1113
1159
1257
424
1188
1484
1040
905
329
1366
-90
-1616
-548
-127
1186
-464
1572
-265
803
-1340
1617
-82
46
-201
-1302
87
-165
1052
1403
-788
-224
546
1527
-1106
-1369
-1650
1418
388
-43
-21
1043
-696
-736
-119
-1628
-818
-1523
-1072
1079
-601
-184
1171
1450
681
-1464
1321
1038
-435
-47
711
-271
-970
-365
-1196
-907
-96
-1614
-601
-140
-982
-245
-1259
-186
-1624
123
-426
1337
-1011
-989
768
1399
-811
-835
-1096
-1551
1580
665
-395
-1140
1320
322
1615
1641
450
598
450
300
-936
-1020
121
-16
770
77
-1088
310
-1011
-1624
1526
-1151
722
-1206
-1375
734
1081
-260
-1310
-578
1604
-715
-1388
-497
-304
-1321
285
1119
-119
-882
1651
-47
290
1435
-1527
567
-1492
919
-996
-925
-862
-569
393
-1112
-918
508
1581
44
-259
669
995
753
1530
-138
-625
-300
447
330
-434
782
-1076
-591
-532
-1518
1202
90
631
246
-1460
-218
-440
754
-429
428
360
-240
1074
-660
797
739
-610
-1557
130
-1031
618
-283
-331
793
-417
975
244
97
-1359
295
-390
-584
181
-1060
14
-525
544
-1134
-13
802
46
633
1147
16
183
950
-622
44
793
-443
-548
818
184
-1619
752
-1359
-761
1298
-876
-86
1555
-390
1017
1217
-334
327
1134
-1065
1205
-1005
1516
-337
-856
-383
-585
-91
-292
884
-588
-256
696
1370
243
1132
840
855
-892
512
911
486
660
471
473
-1546
536
1469
240
1450
438
-1224
-1556
-778
-1515
249
-953
-812
719
-1317
912
-1663
686
-1636
1339
923
-199
302
1423
1264
-160
-360
504
-448
-1010
-47
367
-908
-202
579
409
659
377
872
-1173
1128
-1493
-1471
-627
-389
1178
432
-1491
1329
1301
-1581
1267
-1185
1578
-1064
821
1511
-778
-92
402
732
1569
525
662
430
768
607
1141
-1457
259
-1284
544
-529
-476
1303
628
-1025
-54
-1370
292
1536
979
-937
-146
-585
283
-870
1627
1513
1049
-1482
1460
3
-441
-1074
275
924
1469
-1528
-1539
-812
220
1463
1276
-568
1653
-846
-437
-1376
1644
-536
-119
-1650
-1006
720
1028
-730
203
1303
-119
-512
158
-10
1116
26
-618
-677
-632
590
906
-752
-749
985
-59
-756
-862
699
814
608
1518
801
-565
-294
-1026
979
-295
-863
-388
652
277
799
785
-739
-270
1638
761
638
794
-702
1604
1626
-906
-562
-1465
586
1573
300
-943
-927
-157
-1348
91
849
1195
-62
303
-338
-1083
1285
119
274
93
1509
-343
1153
1029
308
1522
-353
-985
-463
1470
-1501
-1
310
985
583
947
-691
-644
1550
-567
1578
-1491
-1031
1149
1033
1352
-1087
-721
-1316
-287
957
-213
627
-1519
781
-1000
-242
284
1640
-753
-780
-232
-50
510
-1605
-442
-932
-1317
-348
642
-819
-1661
117
621
725
634
870
937
-330
1350
1194
-1582
229
1273
-1405
-489
-134
-763
1191
-314
1484
1162
1133
998
359
991
-1227
-650
422
-1557
801
257
896
4
-1109
577
1522
1263
1195
-1462
1420
358
650
-1559
-590
-886
498
1312
-946
1221
1401
-201
-1626
-114
827
1570
-1307
-819
-1029
-1474
1186
779
-1464
-1433
1278
-1648
-1074
-83
-559
1457
401
832
-1397
-100
-860
-939
275
413
-1117
183
-517
-660
-691
1554
-190
1248
-347
-260
902
-353
-764
1405
-1115
237
805
-768
-549
188
342
1307
726
-1007
-900
793
-955
-1116
1153
-1134
-1582
1204
866
713
-1416
-1218
-894
893
267
-234
-223
-1027
-1651
-1333
1504
-1464
-1135
1541
978
-1299
-488
680
-476
827
682
-1422
-1216
-1581
-1074
-1379
-47
-687
-508
-442
-1638
1328
-321
-1459
1043
1182
-393
1502
424
699
-1344
157
1230
-45
-471
274
-497
724
696
1150
211
1043
-137
-1283
-417
913
5
-518
523
-1616
1300
-1604
33
196
1433
-1022
747
-1383
-739
-1104
1544
-1314
-1074
583
30
-588
8
-270
-860
-944
-1393
511
-596
-419
1589
961
1313
-1026
-433
-659
1559
-493
-1058
909
1597
-1646
366
1635
1124
-987
1501
541
1142
108
562
1645
-1355
514
-1329
87
1146
-65
1105
956
615
1567
-912
548
1425
-941
1539
-460
1483
-804
446
-512
-1592
1024
1196
-1535
-358
-1126
-942
-1018
957
-1574
-26
378
-356
-196
-90
230
-337
-1012
1029
958
-34
284
-81
-1652
-376
-928
-778
-53
161
793
-17
289
628
-1288
726
-70
-1071
-1360
-1491
-885
-1287
-1067
1027
1450
536
-423
1335
1345
-1301
-1259
-1642
-1180
-1382
1215
662
1467
303
629
-1375
-1319
522
-1335
-266
-1647
-1087
135
1625
292
93
676
1344
-918
-1596
213
1467
326
-791
-1585
-1437
-12
765
-206
-1386
-1025
1614
334
256
532
1204
-492
1231
-57
-333
1493
85
537
-370
-788
1067
258
-1001
-474
-1344
-1432
-1032
547
293
-1134
-1147
925
-831
-1056
482
637
-158
906
848
-576
1405
-979
140
-1024
-1510
653
1397
383
1045
-1027
1121
-202
-1001
138
679
1475
1177
-1539
-1637
982
-844
-1056
-1490
-1267
-411
702
797
-1373
-299
1308
561
-294
-1418
-1458
-1337
-955
1069
-548
-1298
-1527
960
846
816
-109
1356
-148
-998
603
-1417
1660
-447
229
-834
1364
-192
1006
163
167
-604
178
-321
282
-1228
368
-151
585
1205
1278
1191
-375
-208
-390
-1458
1274
378
1654
-475
672
1580
704
-270
1307
1538
171
773
252
103
-281
1127
-1529
1511
1288
-283
1635
-692
-110
593
-218
468
1145
1456
256
274
1292
1421
1429
-1339
481
896
904
-1467
346
1007
299
607
-678
-101
1109
-371
-1492
-817
383
-1073
-868
450
952
-91
-1598
274
-1452
1371
1151
1029
-1315
-219
-318
1444
-969
-1265
-826
-1621
1280
-807
853
-698
1239
166
1168
-444
1490
-503
84
1629
65
-320
-1615
380
-149
-470
1479
-230
1536
-228
473
830
-644
801
397
1109
1203
1068
-1513
-269
182
512
102
-1419
759
1276
-817
1546
-1187
1032
-1155
-1193
530
223
1554
1052
484
-1042
-604
1322
373
263
-1298
1600
1302
-907
722
-1538
-604
-692
-1226
1024
-43
909
1112
-478
-6
292
-1252
1531
649
435
-1512
286
1328
1003
-236
-1357
-603
66
-1204
-1114
443
-1487
1520
1063
-534
-695
-1461
-1621
-35
434
147
-286
1153
-1591
1257
-713
1259
-1435
-536
159
297
547
1062
1343
839
-230
-923
569
-911
-489
-977
127
-1439
1403
-276
647
983
1395
1116
-1103
-349
-961
947
796
1572
-699
1357
-633
1567
956
744
-866
-1156
1075
963
-1645
-1521
-999
-593
1406
716
628
1191
917
104
527
1098
-982
1253
216
-167
-481
-530
1316
-1209
817
-1572
-682
181
1132
-335
-592
-35
995
-782
447
715
-1352
1629
-1459
777
-597
1250
125
-1492
-1077
-1082
-1341
802
-927
-561
-345
-1316
-648
625
-963
172
-118
1102
616
1167
-1136
-379
97
-1466
173
-1274
-318
-703
-541
-1605
947
1626
1119
-1584
-99
1336
-311
-874
194
1127
-1647
1432
-773
1512
409
-1467
199
139
1171
-927
-901
983
535
1319
414
1206
56
-1513
-1461
-543
-1656
651
664
-1368
-106
-859
-9
-692
561
-451
-427
-478
809
1507
466
831
-648
-103
386
-297
635
1254
1188
345
-581
-596
-318
-1491
1439
1463
1371
-1209
-926
-1022
-1397
121
106
1137
33
-134
573
1363
-635
-1063
-413
-1104
363
-346
-669
410
-1407
-1278
-1654
1016
-1616
818
1210
55
-1042
1284
-793
744
-1356
-1564
1169
-1501
54
453
1202
-18
-833
-326
30
-464
1096
530
-1363
-889
245
1080
-450
456
-409
1646
-1216
-313
1463
340
-1447
-156
399
-621
-85
-1352
-1279
-927
1157
1306
629
237
-569
979
-1240
600
1230
-1039
-1499
1150
267
-1205
1559
-1479
-1281
-1493
147
1145
-795
660
-100
-1603
-1109
-1119
-775
-343
-597
-413
-1185
-640
828
1248
-234
856
-1303
-821
162
-325
972
1258
984
1570
831
-884
-194
-1445
-1507
-1487
314
-1327
351
-776
-766
779
-1523
269
-1584
-641
-436
1317
-1165
555
-1044
-232
-316
-1480
931
-670
35
665
-1369
-844
-1490
871
-1547
-324
1002
1095
1119
789
641
1101
53
984
345
-1209
-186
-165
1652
-1072
-1314
-1475
1061
-722
-1333
-1579
-801
1286
-733
-797
990
-1131
107
631
-452
-1342
442
-1258
602
-11
1094
-814
-272
35
310
1302
-555
504
684
1538
265
289
252
-1566
1421
1037
579
279
81
449
848
-893
-110
260
-557
-494
499
1652
-622
717
1256
697
-25
90
-823
-849
1196
-947
-812
1517
-284
1449
-1208
-520
1319
1348
-308
-1169
-708
1300
365
-348
1632
-9
-1153
948
-212
129
-1413
-973
1017
1368
-1507
-1002
-339
-299
-383
1099
474
-1366
-130
-1326
-321
-908
-833
320
1284
-1630
1231
1443
-904
-340
-1241
1163
1487
-62
297
-858
-161
-42
-885
683
1069
581
-1148
-1618
-1442
1449
-277
-1574
-101
1359
-274
-701
-448
275
-173
-1308
-469
1015
-1405
59
525
475
-880
1006
-1165
-700
-1106
855
457
-1215
-1379
1605
137
959
614
408
-1642
-1067
-1292
-783
-648
1553
530
746
-731
-1199
1187
-285
1289
1219
103
641
1124
-277
-847
1376
-396
-74
695
1383
-327
1531
862
-345
-1552
792
-1128
289
146
-881
-1533
1517
791
1354
-1135
-201
-718
-1099
-343
1248
-1409
200
-1564
-865
1381
-1575
-1579
258
52
-857
225
1065
-784
-446
954
-655
931
-129
643
-649
-480
989
-1124
-376
1465
1430
169
-59
631
808
-1301
995
-213
302
1371
-994
862
-525
685
1611
1660
-667
932
1412
1149
1071
-143
-180
-1268
1024
-221
790
-193
-1037
859
317
-1220
-910
-973
692
-352
-62
-471
804
-486
-1318
817
487
91
625
-342
501
-520
1132
1141
88
-1540
-203
-220
241
-1445
-101
452
-939
-877
610
1190
-54
-668
135
850
-1489
85
259
-1565
-485
1629
-68
-1485
-24
-350
-1020
1334
-1250
252
-1589
-1525
915
-309
-1075
1482
-929
-935
-560
1530
1323
-511
-1043
-679
-1353
-1190
-421
-710
957
811
-1544
-1159
-844
-607
-530
1226
-376
518
-56
1618
194
-559
-811
-885
-205
405
404
961
-279
-65
1160
1320
603
-886
-1222
323
437
1370
1274
-310
1201
1222
-703
1043
-543
529
1564
993
561
61
1129
-1406
-1309
628
-1527
305
-284
-1086
1568
-164
-375
-1099
527
51
1015
-1247
1480
-1286
1206
569
-1343
129
-1330
285
-1221
-916
-498
-75
582
1586
-667
-364
-957
-4
1193
-27
-966
1431
107
-796
-776
-1029
-781
1121
1445
1424
-708
106
476
1425
-926
987
-1546
1019
1264
-704
-219
111
-137
1194
-108
76
-1197
1400
264
-297
-610
688
-77
-1459
-1644
1463
-695
-1591
-750
-235
530
-653
-477
-519
604
-481
844
-840
1521
-611
-1057
66
248
609
-1661
-1283
201
618
1294
50
-634
780
556
1289
-252
-1139
1389
101
402
-7
955
1100
-1099
-786
474
221
331
-1066
633
-905
9
-242
-1211
-772
1311
1175
1583
1039
991
963
-310
1410
-769
1538
-809
-1310
-781
-636
-1623
774
-1245
885
1157
-288
152
-1390
1310
-532
-1050
1502
-1102
-440
1059
1567
-235
-888
-371
-672
1385
-1300
-245
1444
-376
455
-239
-1443
192
-1031
914
141
-1035
-612
286
240
1173
291
1447
436
-103
-1072
-1502
1586
-285
-523
-675
-1309
-817
1170
-549
-1248
962
1643
-1558
96
-867
-1049
-898
533
-550
-724
243
659
49
663
-854
443
1529
769
25
-537
-48
1113
-1016
532
-1284
-1337
-1381
241
-629
368
1507
-646
868
-232
-938
1480
-764
756
1336
1142
-882
-360
-1454
224
-355
-967
506
-230
1489
889
1200
504
-1067
853
1059
-862
21
15
-55
1515
-198
466
-421
248
-528
-1537
-652
112
-782
429
-457
1137
1341
855
834
-361
-1371
1446
-777
1229
1235
1443
-1617
-1193
519
115
-395
-175
1164
-73
-1177
-834
389
-157
956
1051
723
-38
-761
-465
-1568
-520
-701
-36
-614
-771
-589
-255
-464
169
1623
639
-165
1023
1424
-298
1559
1442
1654
936
864
1524
1259
190
-848
224
-1584
262
244
797
563
974
1040
1158
-353
-1298
439
1302
-1507
-701
-251
541
564
127
834
-88
-274
1626
-342
-1011
-965
-1047
1064
858
82
947
962
906
-1309
1069
1603
239
-1398
1494
-494
1486
331
1152
3
-1227
991
308
-970
-1311
-1637
174
1406
768
736
1637
202
1372
-13
-1614
-733
562
1532
626
530
362
105
1104
365
1142
-201
-1664
151
-979
-543
-730
758
-146
321
470
1533
-1639
-1214
-1516
885
-479
950
-359
-561
-845
-921
1144
-1247
-1454
-142
193
489
1299
-442
1537
-16
-1079
635
-406
775
1355
70
-59
-1574
1341
312
475
1516
-302
937
-435
1107
-402
-689
-572
137
-490
918
448
1639
-631
183
1002
606
-584
1600
700
-98
1078
-438
899
-1271
-1069
-1188
1452
-1206
1205
-1089
47
-78
661
-788
-803
1128
-1270
-242
649
-478
1219
470
462
293
331
913
-351
-1075
-512
-715
579
-1054
-1035
-404
116
686
955
-631
-28
-1454
-541
-47
720
531
-179
-757
-188
-606
-747
697
1393
1037
-413
-1468
-1261
639
716
-1001
-1399
1510
1083
1394
940
921
-1232
556
-1645
763
-1447
-442
1467
420
-1067
70
218
1536
1139
-163
50
932
-404
891
446
-45
467
66
1181
448
720
-1624
1520
-647
565
-1236
-1270
1429
-281
-827
542
-605
1492
-283
-519
