-78
63
50
80
-7
-41
51
-47
-56
-90
-45
-26
-62
67
13
8
56
-21
20
34
12
-48
42
-91
-46
18
19
94
-66
-24
35
96
37
36
77
56
9
-153
-61
19
-15
9
19
12
-41
8
-20
19
-70
6
-18
58
-32
-10
118
29
9
-23
-94
77
-33
-55
35
6
112
139
51
35
-37
16
-102
-11
-21
23
-14
44
12
-49
60
-22
-58
62
4
19
-64
-53
55
33
-70
7
9
2
35
-1
30
-57
100
92
-60
81
-19
24
61
1
21
36
87
75
16
52
47
-72
-39
4
-25
-26
-49
28
13
-18
19
58
42
-35
39
93
-36
30
81
59
-15
12
-16
-12
-70
52
39
20
-70
60
-22
15
53
25
51
-23
51
69
64
38
88
6
22
-77
-23
67
18
37
54
3
51
10
56
3
-113
36
61
49
-28
-73
40
51
-10
16
-28
15
47
27
36
-28
78
-82
-23
-60
45
-29
57
-25
10
29
115
-39
-5
-85
44
-32
-9
-66
48
-45
-36
9
53
-3
7
29
-33
71
67
42
5
125
8
68
60
-57
-3
-43
31
32
-61
-71
28
85
-49
-31
-93
-30
42
-29
-15
-27
79
10
86
-34
-13
21
43
61
22
51
58
-42
3
-60
88
18
-15
41
-45
72
8
26
-41
-35
-23
64
78
76
-77
-25
68
-42
52
-6
-83
-85
13
19
85
-26
-19
28
-1
95
77
69
72
-55
-5
40
-7
-100
73
-11
62
-68
37
59
-29
109
85
65
22
-20
-45
-89
74
35
-33
28
1
7
75
49
-3
21
13
-31
23
-11
24
44
-27
13
112
15
28
-6
24
46
48
102
-14
-83
54
-5
28
-35
48
-29
13
-23
50
-15
17
74
-79
81
-6
-103
-3
-32
17
-43
15
-20
-73
4
19
46
-2
-3
3
40
119
29
70
52
14
100
54
43
-9
-15
17
14
65
45
-38
-80
51
60
-34
-29
35
-19
-117
23
85
-39
-42
61
3
-68
58
-12
-15
-8
66
56
-39
65
-64
-18
9
-27
2
-11
-18
19
-129
-39
22
96
5
-26
34
76
-11
-10
4
166
83
20
60
-30
33
7
-16
19
-10
57
74
97
3
10
-4
55
-68
92
-36
-37
1
81
28
7
-7
82
74
17
66
-17
35
34
50
-17
22
-27
1
-58
77
-16
26
38
-23
41
-6
9
26
-5
-3
20
100
5
-16
0
127
-59
-40
-19
-92
77
56
-109
1
18
36
22
132
35
-21
-16
64
63
-41
6
-5
-61
39
-94
108
13
32
-46
52
-12
-46
-65
12
-33
75
8
-3
-45
-49
-32
-46
-23
99
88
59
20
12
-62
28
14
-6
-43
35
76
0
-25
-36
-75
8
14
-2
-4
-26
26
-104
25
-18
15
-62
2
-72
-22
-3
-48
8
70
30
-4
-11
1
-1
-17
53
-52
-74
-11
74
1
85
51
93
-50
19
-17
23
-6
-105
7
54
-48
-115
-1
-31
-4
-45
-31
13
58
14
81
68
-12
-55
24
41
-15
52
-83
-75
-67
-8
-35
75
-2
-37
31
30
13
-38
41
-26
56
-44
-83
82
-18
-9
7
123
36
26
-6
-5
25
88
-7
51
-49
43
4
-66
66
38
16
137
-22
24
29
-34
15
11
4
-1
-20
1
71
19
42
-3
-51
23
1
-14
1
48
-8
-10
18
-18
53
-17
-9
-59
51
41
-23
30
104
79
-92
27
-19
0
38
14
47
53
125
-45
18
86
109
10
38
-4
43
-10
48
-86
2
13
-54
-21
-66
40
-80
15
146
46
26
-30
-19
106
58
33
47
-34
42
-12
59
22
-23
67
-92
12
32
-38
15
23
25
-13
65
23
25
-52
7
6
-40
-36
29
31
21
-12
-5
20
36
-51
88
11
76
-2
-35
39
55
44
35
-11
-27
72
26
62
79
-43
14
5
-98
4
-16
-28
34
34
51
31
-27
14
9
27
-20
33
90
-22
28
34
42
-25
20
-16
-40
80
13
-76
-33
55
25
11
-17
-82
49
-23
-60
-18
12
-53
-91
95
-53
49
48
68
-23
-59
-31
31
90
47
-46
-155
25
-16
-22
-19
59
5
24
15
57
-31
-36
66
51
15
-37
8
-6
15
-28
-35
31
-28
42
-22
34
-55
80
-7
-36
-52
-44
-72
-35
-10
4
39
-70
-95
-1
45
36
-52
-23
31
-58
49
22
-49
-47
-3
70
68
-6
21
-37
-4
-12
-20
32
51
-52
54
44
49
-29
-13
10
-6
-41
-74
27
10
12
-50
9
57
-49
30
-20
63
-91
-25
81
-65
49
3
97
-57
31
32
-44
-10
-78
-6
19
1
-51
-53
20
-80
78
23
21
135
-29
-165
73
156
15
51
39
7
13
-49
-27
129
-63
59
-53
47
-64
79
135
40
123
-27
9
80
-18
54
70
27
80
-51
40
-9
39
-72
1
-14
2
-9
51
36
-81
123
44
2
9
-65
-62
-108
0
-92
29
25
22
-65
-40
-13
-11
131
17
58
-25
84
-30
79
16
-6
7
90
-5
-2
-26
30
51
43
-37
-77
-25
-41
85
20
-2
55
85
59
39
-2
89
-18
-11
-12
60
66
5
-19
-41
32
-122
4
-35
-1
63
59
-5
88
26
-12
85
-46
5
97
39
-59
-19
-7
36
-59
-66
-5
-9
25
-63
-15
61
93
23
58
34
-7
-15
-30
-17
85
36
13
17
-29
37
106
35
85
26
-15
-4
-27
37
4
-36
53
-9
-37
-44
-35
31
53
58
49
-46
-21
31
-125
-22
81
-27
8
23
12
-24
33
7
-35
31
23
107
11
90
-28
128
-18
29
-56
31
-46
-9
54
-88
16
72
-12
22
1
67
2
15
-17
-50
17
-40
-75
-7
61
-46
24
130
-26
-31
50
19
-100
-3
-54
-47
-43
74
21
-19
81
-93
51
29
65
86
-22
40
27
41
33
-34
-30
-43
41
-52
80
23
44
67
24
-12
-58
59
-47
20
-41
-41
-19
-99
-64
26
-50
-13
138
6
14
45
24
54
-31
67
12
82
-57
50
46
47
14
-9
73
-39
-41
-43
70
-29
14
-37
42
45
-3
-56
-23
-38
-51
88
-6
77
118
-83
20
36
-100
49
66
-2
2
25
67
-55
-21
-2
-45
-89
0
-42
2
20
23
-19
59
7
4
-1
-37
-76
0
-60
43
-47
-50
82
-70
28
63
72
27
80
30
55
2
59
-25
60
34
56
68
19
65
64
72
57
38
-76
-4
4
62
77
59
58
-71
-78
-25
60
-79
9
-29
65
-49
-33
5
-41
37
-15
9
-17
-62
15
52
-113
18
20
-111
97
-56
103
-30
43
86
72
17
-18
-67
-22
12
15
43
2
-8
-23
-147
66
38
-66
-7
-53
23
-6
2
142
-71
27
-46
-75
71
-10
34
43
-41
-81
-48
-61
-15
-13
13
18
10
-45
17
-49
-7
-41
-59
2
-51
36
33
-33
6
41
-37
-99
24
3
133
41
-15
37
63
57
-53
107
-27
33
40
26
97
39
32
18
16
87
24
141
18
86
-102
13
-11
-23
-42
10
56
19
-37
-9
125
-57
57
-20
103
-34
20
51
-6
14
35
48
27
63
19
-13
-7
24
-15
71
54
-55
-10
14
48
51
-11
75
72
48
-33
-3
-13
17
-62
38
23
10
8
-3
-65
40
-25
79
56
86
-66
82
45
71
78
-10
-19
69
27
59
14
28
40
72
-34
9
-14
32
-44
78
103
-16
-28
-2
125
61
28
46
-69
81
116
112
-51
41
52
-28
-1
51
8
-7
44
-16
68
16
11
111
-18
25
93
-39
44
-20
113
39
65
-27
-13
108
-15
35
1
-33
139
28
56
23
27
6
-13
-10
25
-27
-23
14
-3
73
64
-45
-15
-49
-49
-11
-41
63
31
-21
-29
-17
36
45
-81
-44
-37
35
56
-81
-14
-29
34
14
-9
15
-73
-29
-19
-52
-4
-10
-66
56
64
-18
-1
25
3
55
-53
80
34
40
30
38
12
-13
57
-30
-100
1
50
34
34
93
31
135
1
-12
22
18
-1
43
5
13
79
72
-15
76
30
-47
3
48
-15
31
-18
-40
-38
58
-2
81
-13
-81
27
0
2
77
-23
0
49
-17
-86
76
38
19
26
25
57
54
-1
-104
-6
23
48
6
61
-42
-20
76
-46
4
-14
-19
17
-35
41
23
62
2
-22
22
20
4
69
69
24
31
116
-31
49
-13
78
5
-13
-51
-119
85
-25
3
108
42
16
-14
56
-19
-27
18
48
-23
62
-36
-8
-4
11
-44
81
-35
-8
71
-5
-78
42
62
67
68
3
-54
2
14
32
17
-100
2
94
48
11
-9
-26
-136
-1
-34
-37
8
67
-19
-17
26
-19
30
-24
-71
71
-6
-16
10
18
-39
52
17
-100
55
46
58
49
-25
59
51
-30
35
114
-15
72
46
48
-36
31
-85
48
76
-47
12
-22
8
17
0
-25
-14
-13
-44
1
19
-5
30
42
41
73
-19
-54
11
7
35
-3
-74
-17
74
1
25
-29
-17
48
17
-13
55
93
36
46
-21
19
38
48
-18
-13
-35
-46
51
4
51
-9
-6
12
98
-8
-7
-14
30
13
29
-90
-61
-56
27
1
11
-54
-19
-13
17
11
-22
-29
0
56
46
76
-118
-47
111
53
92
46
8
47
15
-16
73
32
-38
-40
-10
26
-24
-21
25
21
-12
60
82
7
-23
-38
-48
23
56
63
-40
-80
-32
21
6
-76
-17
85
-153
-21
-36
-39
-54
45
-57
-13
41
18
76
-37
57
1
-10
78
-2
17
-42
-14
-95
27
-47
25
-7
48
-8
13
-23
36
84
-10
78
-32
81
58
-22
-94
-27
-10
28
-23
48
20
-12
-60
47
-23
-82
15
-54
-21
-99
8
-33
4
-76
34
21
10
82
44
-49
29
-23
20
59
-15
-18
-7
29
48
-22
-69
1
-22
-47
-35
-81
33
7
95
47
8
32
107
19
49
-55
-59
56
-35
38
-23
50
26
12
-87
34
23
48
-21
38
-67
23
49
111
42
-56
14
13
46
50
-76
-61
-30
-15
7
25
17
-30
-58
10
56
19
-10
71
20
33
-46
-15
89
-47
-19
-28
22
24
-52
63
76
-32
38
30
56
59
47
-60
2
-106
-10
35
95
5
47
115
3
41
32
26
2
49
22
8
-16
4
36
-25
-3
-10
36
-11
-18
93
17
27
-30
-3
21
33
-85
-23
2
5
-95
22
25
2
-61
-9
-55
-58
49
-97
77
15
-63
-15
7
-24
6
-34
63
17
3
11
-32
-17
78
73
25
-69
58
-49
-35
-93
28
71
-36
-50
-66
-89
33
34
-76
84
-39
16
99
56
35
-22
34
-26
-34
-21
59
-46
-26
-28
24
-33
-2
18
-55
28
13
29
-3
90
27
43
42
8
-9
36
45
-41
-38
-6
35
-9
-10
-56
-42
104
15
21
33
-9
3
-24
12
-39
-34
-8
61
63
-2
24
28
-34
-62
-58
71
52
-26
-59
11
-60
-12
-37
-42
81
21
86
44
-14
59
18
19
-3
34
10
15
-22
11
32
-52
71
-12
-70
24
83
-4
4
15
-14
49
-71
-13
-109
21
-31
18
-7
-26
-65
3
10
36
83
25
33
-10
-37
-19
-10
-31
39
-11
-18
7
-112
15
20
-62
29
13
18
-59
7
-12
-4
-5
17
26
20
21
-16
64
-26
-54
59
42
-68
6
15
-90
-84
69
33
5
13
24
-8
52
-40
-4
58
-57
113
-55
-123
70
-12
4
-9
0
-34
-124
57
83
53
49
-23
11
-34
-56
64
-10
-109
-44
-40
3
19
38
73
26
-13
-15
67
54
16
39
17
102
-40
26
32
67
164
62
1
-20
-76
27
-32
-79
130
23
61
14
-62
-6
26
-33
-17
81
11
-48
30
97
-91
-6
40
15
11
76
69
14
56
-4
21
33
14
16
16
64
-60
58
14
70
64
97
7
8
-44
-47
29
30
-19
12
-30
-58
50
66
30
32
-79
70
85
-67
22
-60
-24
48
21
20
-25
-48
-17
-18
-78
28
-78
-97
-20
110
39
-20
18
-33
-41
19
-84
60
29
68
63
-47
-3
-22
-21
45
14
-36
45
-40
18
-49
-1
105
3
74
55
-69
25
-21
31
-10
119
-68
-58
53
-83
-10
16
40
70
-114
12
17
55
102
-45
-34
5
8
4
-46
-37
-39
67
99
44
52
87
28
82
68
-68
-33
-155
-15
-7
22
-21
-38
-97
-6
-66
10
16
123
-19
115
3
7
30
31
-52
61
-23
-23
-11
-89
69
73
18
113
50
35
-15
88
-27
-45
32
59
-18
-53
-42
-7
-69
21
-45
10
45
-51
-65
-5
-26
5
40
-24
-28
52
-87
-20
-70
-39
-2
52
-24
-38
23
-2
-28
5
65
20
49
-20
-35
74
-29
34
59
-28
-66
3
-8
-28
-28
-29
115
49
-41
48
-7
-17
39
8
-71
13
-84
-34
-11
-11
44
-92
-132
11
-8
36
35
17
-43
101
-67
17
-79
127
-23
40
-52
35
-35
-4
26
41
-94
-109
-22
63
14
116
128
30
33
-42
-18
55
9
96
-18
-116
-8
7
-11
-55
-39
13
-48
11
0
-23
85
8
-27
47
-11
-24
-79
-17
65
-18
8
25
31
-26
6
8
5
-11
55
-9
31
-35
2
25
-57
4
28
93
17
-9
7
-23
-23
-31
-29
-34
21
24
27
40
-4
-69
2
-14
-7
-86
-33
-46
19
-50
80
48
-33
-53
-82
60
48
72
-74
85
8
68
-67
-50
36
24
86
48
12
76
26
-50
-47
10
-32
42
-47
-29
12
-7
33
-9
-17
63
17
55
37
5
37
8
53
24
7
6
72
-39
12
-31
-83
-94
-43
-41
46
-63
91
-58
-31
-43
-12
-36
-42
13
3
-69
-51
28
45
-88
46
8
-62
4
-86
67
-9
22
12
-43
57
-33
17
32
106
-37
104
42
41
-28
22
24
115
7
-47
71
-119
1
11
62
-24
25
15
-39
57
-22
-2
5
-53
24
99
66
11
9
-45
94
-15
21
-4
-9
-59
4
-39
-34
94
-31
33
111
-7
-29
27
25
138
82
-25
120
59
-7
41
9
-65
63
69
-85
11
22
14
-48
28
55
23
-57
-34
54
18
24
-9
-62
4
-50
-1
-38
-20
5
-4
57
-41
-14
41
85
-30
45
104
44
23
36
-39
71
67
39
-35
-76
-59
-94
85
-1
7
-44
15
-10
50
31
-51
78
42
-71
69
-41
-17
34
-40
-61
-41
10
83
-22
-16
20
37
-20
9
-55
44
98
29
89
114
-40
19
-4
-58
-88
11
-26
-74
57
34
31
40
-87
106
-22
91
0
28
-31
65
-42
21
-82
-68
42
1
-20
-35
-64
68
0
-11
19
-38
-2
-27
27
-30
-15
85
-33
-20
14
40
-23
-14
50
33
52
-18
61
-37
24
119
1
-139
-64
12
20
0
75
68
-48
-38
24
-11
-16
-62
42
24
-64
67
4
3
106
-15
29
-68
50
-84
14
-61
1
41
25
1
-116
30
14
-58
115
-21
30
-9
-98
91
53
-110
79
7
-9
-2
-42
28
27
66
-148
28
-33
39
74
-21
-59
40
-39
-19
14
19
-18
45
-35
-7
12
-12
61
8
-15
62
71
93
14
30
7
5
-2
-2
127
89
-6
-5
37
25
-15
12
93
-5
10
45
-97
-26
-10
0
15
68
-56
41
-5
138
60
23
16
76
9
38
-22
-92
-2
-33
-63
-36
80
84
0
-76
-15
-3
-23
38
34
-30
32
-80
-54
61
10
33
4
34
-13
-43
23
-46
-4
39
69
52
0
4
-83
-54
48
23
-60
58
-35
4
64
20
39
76
-33
49
64
17
43
-28
43
37
12
-48
-37
-4
14
122
58
-7
7
8
11
-47
-92
13
-6
-64
4
38
-69
57
-55
-9
-64
11
-3
-36
-31
42
-73
-26
-23
15
-90
29
66
-27
48
-26
44
40
-18
-17
119
21
32
41
2
81
-61
26
9
-39
-2
73
62
9
93
26
40
-25
-91
-23
11
-113
44
57
-55
-36
-34
33
20
38
56
16
99
0
13
-39
43
5
-58
-45
-16
4
5
24
17
-21
-56
69
-12
-45
-22
11
-26
-23
41
-2
74
-65
-62
-51
-45
-27
-64
16
45
0
-24
39
-51
74
-46
-65
-29
-31
-8
16
-57
106
-5
47
5
11
26
-48
-12
-19
-28
32
-21
-47
23
-18
-31
57
19
25
-6
-2
71
-11
-53
-26
54
117
51
34
19
13
59
60
-63
-2
-152
19
105
21
92
16
36
24
77
22
-40
-125
3
-17
71
-60
-51
40
-10
35
-44
-85
-6
-32
-64
13
-91
12
67
17
-57
46
-4
6
102
68
14
88
35
-10
39
11
60
-18
52
-37
-49
21
65
-67
-28
100
35
-12
-32
73
11
-40
6
29
83
1
7
42
18
105
55
-50
9
36
-28
27
73
-16
-30
-9
-125
-62
0
-43
60
49
142
21
49
-85
88
-7
-33
38
-133
26
10
-49
95
56
-29
-32
-28
23
-14
53
16
5
-22
-49
24
-31
30
-65
4
-46
41
-22
37
-24
91
-35
-14
36
-92
28
28
23
52
2
-21
-98
36
-29
76
-6
-88
2
-116
-5
21
11
45
64
70
-9
-29
24
10
114
71
40
11
82
-7
4
11
19
-10
10
-16
54
94
-67
24
73
60
-25
-80
35
23
62
-81
-22
-3
77
-41
12
-9
-11
21
-79
58
-17
55
55
-9
2
108
-54
-77
13
106
101
42
4
-61
-41
32
71
2
-14
-33
-48
-50
53
-4
79
-18
-27
-18
-60
-46
-32
-63
14
1
-24
-20
29
51
59
-101
-18
-58
-34
21
-15
2
95
58
0
102
-2
72
13
54
-16
-8
11
-8
32
21
-59
24
-19
-24
-37
74
-48
54
-13
49
-51
-68
92
24
-12
-12
22
26
70
-5
-26
17
-17
61
-37
-49
48
16
-26
-18
108
41
92
48
30
-100
9
43
41
10
-6
62
-2
-40
-18
-15
36
123
10
-43
139
101
-1
-6
-17
0
109
-52
-32
106
-19
-142
-9
36
-117
21
31
56
38
16
-29
4
-9
-82
-3
-48
-47
-18
96
40
10
-12
21
-17
20
-67
-44
3
6
-24
21
42
-66
45
-1
32
34
-51
-17
6
-73
7
56
15
72
25
-118
-18
3
-26
-2
-18
-37
-23
-84
8
-37
10
-13
110
95
-51
-33
-56
-31
-93
-69
19
4
104
101
-12
16
-24
64
7
25
-48
79
25
10
-54
112
-69
52
-2
24
-42
45
31
-2
25
32
39
30
79
-41
-4
-68
-10
28
-44
-24
5
-77
30
-38
3
99
1
63
-21
71
73
50
-31
-28
-39
33
25
5
-25
-13
-85
18
-3
1
-48
53
1
-32
-65
2
-56
-25
-108
-49
-42
21
-43
-11
45
-4
29
-61
8
-44
49
-5
-52
-63
-32
-25
2
-85
-5
39
-43
71
150
-14
96
17
-20
-26
-2
-54
66
25
16
27
1
-74
-9
-55
-9
-3
28
-59
26
7
-26
46
-6
8
0
98
-5
-47
-29
-29
105
-116
33
-66
-58
-67
-30
13
19
-64
43
66
26
53
-55
149
-23
-6
-71
-31
46
-54
67
-61
99
-27
7
-101
-35
22
-25
-16
52
1
-51
-100
9
11
86
64
-44
-29
73
76
30
87
10
94
-38
-43
51
42
27
3
-7
36
81
0
-6
-73
23
-17
-51
-8
-13
-18
39
39
55
62
29
-7
-56
-38
-76
68
-22
-53
1
11
-28
83
17
-24
-26
24
-31
26
-7
-44
-84
-13
63
21
81
60
34
31
136
4
68
-45
-121
20
-12
66
-48
39
60
40
52
34
14
101
-5
-7
108
76
-12
-45
10
123
-48
-22
41
-34
14
-64
49
64
39
39
-114
32
49
-12
-28
2
155
-52
-18
52
7
70
21
36
24
101
3
-68
11
14
40
48
-14
-88
-21
9
64
-43
45
-40
-27
35
2
-64
-10
-23
-22
30
-64
100
9
0
77
91
51
-1
-9
16
81
23
44
78
38
115
42
-24
-86
27
-80
-55
80
-16
-39
59
65
77
-29
-25
-20
-103
-7
46
35
-29
1
-40
2
72
-33
-48
60
8
-35
22
5
100
22
45
30
77
-2
19
-5
-62
47
57
17
84
30
40
53
-36
77
83
-19
-33
58
71
67
89
-29
33
-4
18
-16
-13
2
-26
37
32
-46
70
-7
-43
2
63
-42
-11
-28
10
9
38
-9
42
-33
-3
64
-14
46
-29
71
9
86
48
10
-51
-27
52
23
-5
-68
-65
-28
61
35
-15
-27
116
-45
10
-11
2
-33
37
39
32
-59
39
29
17
-50
33
28
41
-106
-55
-5
25
75
3
-115
-39
-7
-43
13
28
4
6
-91
31
4
100
-21
117
-12
19
69
-107
24
74
-30
85
-70
18
62
11
-24
-63
87
34
-53
-2
-9
37
-57
-36
-29
-3
18
68
63
-76
27
-26
48
-27
67
48
44
47
54
37
73
-32
-23
-12
-34
69
-30
-25
-19
-42
-88
-9
-59
48
-80
75
35
66
23
14
27
16
-17
60
51
0
-45
27
29
-98
-20
-36
-34
-130
-17
30
56
-40
7
-106
4
-35
-8
-33
45
22
11
-70
-18
-30
25
37
-26
1
26
-84
89
10
-29
-33
6
0
-97
-3
14
-57
-48
27
9
40
-11
-7
-4
-31
-34
-17
-25
-62
48
31
98
19
54
12
-12
-9
14
108
41
43
33
115
-14
-13
-53
-22
133
41
54
-63
93
-59
98
-95
-10
-30
-17
-54
26
-51
53
53
-18
30
-23
-2
-59
14
-15
36
36
-50
35
74
-16
-4
97
47
-47
67
-25
28
36
31
138
58
44
-68
42
7
-80
-68
-48
81
-46
-24
-11
-21
-77
-50
-39
-25
83
27
22
-38
27
26
-21
21
28
-1
71
35
8
30
17
76
23
34
-33
-4
-3
-30
-8
-12
32
11
-12
38
-102
33
-49
35
12
50
27
-15
-75
-30
-81
-17
-30
6
29
50
-14
-5
54
-14
28
-37
64
-5
-48
-30
10
28
-3
-57
-31
6
-60
20
15
-38
-55
-6
10
-36
-70
4
31
17
-9
-40
-18
-72
40
47
39
93
31
-31
75
41
38
-21
85
71
98
2
13
-85
-95
66
-47
-18
0
-46
5
-85
63
-68
2
61
-35
17
70
10
-11
30
-79
-28
-65
42
-59
-84
-10
-32
58
-5
-25
-21
-14
-49
85
-54
52
19
33
47
0
-8
-22
-27
-42
38
73
-42
85
44
42
-42
-30
-3
-43
112
-12
-10
-20
-68
-79
2
-29
92
124
121
-7
-38
15
-38
-13
83
-63
6
7
20
-38
30
-53
29
4
8
10
34
-2
-89
-4
19
26
27
65
-45
-23
-132
-41
18
-11
55
9
35
64
30
-12
40
-25
68
-53
-42
55
-81
-65
-13
11
-18
-28
-40
65
67
0
16
17
-106
-3
-52
79
2
-14
50
-1
79
-5
-38
18
117
-8
-54
-12
-35
-7
-63
27
50
-61
-12
-71
2
-38
122
-32
20
54
-13
90
22
9
-18
76
-3
-46
-36
-47
46
-50
-61
-8
-18
-33
-10
104
-16
26
-41
36
37
-42
26
-39
98
42
44
-18
29
40
38
18
-27
9
44
81
36
-92
-45
66
20
-75
11
-31
4
23
-71
24
8
-8
91
67
-151
31
26
17
33
-62
16
-2
-11
-13
-30
44
12
15
-53
-92
32
-19
42
22
84
0
-41
85
-53
-8
-54
17
-51
103
40
48
24
-30
15
-81
22
-81
88
67
43
41
-44
89
35
31
51
-73
121
-6
47
14
-13
45
3
29
26
46
-78
32
-10
19
3
-42
-55
30
19
-23
65
-88
47
46
-9
64
-32
54
-16
-45
22
9
31
77
33
-59
10
66
-28
36
-38
1
-14
36
-141
40
40
-70
32
8
9
44
44
20
17
-54
103
-13
39
9
-27
-48
19
-44
23
123
115
14
-56
-13
16
26
60
-51
-39
41
-74
40
-2
4
23
5
-87
27
-5
-31
-34
5
-52
-3
-39
9
52
48
-61
-71
10
-29
58
2
37
-71
-5
34
-55
-51
49
-24
31
9
-72
-75
-25
107
4
15
6
31
56
64
35
-2
-13
21
28
-3
-7
8
-49
-4
26
-28
-34
4
37
-5
51
53
-41
59
-20
95
12
1
17
-24
-38
-13
42
-5
-27
70
116
-55
3
-20
-73
18
-32
-41
-6
35
-18
23
13
48
-29
-78
25
-30
61
23
-47
-13
18
-22
-34
0
41
161
70
-41
-34
-52
2
48
-19
42
115
-24
-96
103
-38
7
9
-81
-51
26
74
96
54
-23
19
-63
16
-12
3
61
53
-77
-11
6
23
-36
-21
-3
-42
0
3
20
49
32
31
-16
55
-67
-2
-111
-19
-16
35
50
57
-31
67
31
15
-14
-6
-10
-31
-18
-58
-12
-21
80
30
51
-32
11
-99
-87
-90
53
-23
90
-67
34
18
-31
16
-106
6
81
66
25
-51
17
-12
121
52
-59
-54
-20
112
23
57
-54
-85
65
47
23
-15
-22
-15
28
-40
97
11
33
-23
74
21
18
-49
59
-13
7
19
5
-49
-42
29
27
-32
14
-46
-11
-50
19
17
39
4
-50
18
45
90
-22
40
-1
-29
53
-70
82
58
39
82
78
-39
-27
-78
27
4
-14
-13
-2
44
28
55
-22
-22
70
59
37
51
-34
-58
-23
-32
39
58
-12
44
-25
18
49
88
61
17
-20
22
-14
-78
75
12
29
48
92
-26
55
-47
116
-16
-149
6
64
44
-50
47
52
-21
-122
-9
43
4
14
-47
61
0
-62
-57
0
-8
-11
-121
-14
40
14
9
-24
-10
-48
-4
77
-10
-80
-44
89
2
15
59
28
-25
-50
26
0
-99
-100
-18
-33
-67
-4
19
102
-14
-5
-13
-33
14
58
15
-11
-72
67
-21
71
-20
-22
18
41
25
-6
-3
-72
-45
-18
-2
8
71
59
-102
-18
111
-116
-104
88
36
-70
64
64
-29
29
-7
78
134
-15
44
-167
-12
-44
-45
58
59
-9
38
47
-43
28
94
26
-3
42
-22
4
-62
-52
-21
-27
40
-58
-23
-36
39
47
-12
5
-11
60
54
-9
3
88
76
57
-29
68
-25
-102
-48
36
-46
22
98
103
-18
75
121
13
-23
62
-4
85
-39
-103
65
-30
17
42
17
-6
-98
-57
-65
106
-54
-4
29
88
18
-34
-16
4
33
-11
71
17
-8
-59
87
-107
-31
59
72
33
24
-56
74
4
11
-80
42
100
41
-35
97
-21
46
-50
56
-4
52
3
19
-78
-32
59
78
-91
43
18
-50
-10
-16
-14
-9
-45
69
32
27
26
-12
-28
7
7
-41
5
104
25
20
-42
5
6
83
84
3
63
74
9
48
-70
26
42
-62
22
-64
-9
-152
-26
27
56
50
3
32
75
-21
10
-25
-44
42
35
47
35
29
-4
-33
-19
20
7
0
7
84
22
-14
-27
97
-25
-33
-57
-41
13
-74
16
-10
-55
-30
-59
18
114
-92
24
-3
-50
-51
3
-23
44
-78
61
69
-1
65
-71
54
40
-58
32
-58
20
-5
-117
-36
1
55
22
-11
31
-44
-36
46
4
8
46
34
-88
23
64
62
26
60
12
34
-24
-49
-49
43
-24
-63
-9
-10
-89
18
-37
-64
37
71
1
-42
48
26
108
75
38
-16
-31
-28
-55
10
83
2
20
-13
-42
-19
-10
12
4
5
22
-13
-74
-8
-23
38
-79
7
117
24
11
2
50
-75
-36
-4
-27
100
-25
19
56
-7
39
-50
7
24
-14
-30
101
62
29
22
6
-27
131
53
-43
-85
48
-58
31
-31
-28
-68
0
50
-7
20
-19
2
51
33
-50
24
-23
40
-11
-30
17
-72
-26
-54
52
33
-50
48
-5
-118
14
-3
36
-49
-53
95
27
-28
96
36
37
41
20
31
8
-22
46
15
-18
-18
39
47
-13
-15
43
35
-16
16
-23
-31
43
-123
89
21
3
21
102
-97
38
-63
-6
-85
32
-44
-113
-16
74
-53
72
-61
9
2
-90
34
11
-109
36
35
35
-56
-29
78
-22
-72
-50
42
47
0
-66
-14
-45
-30
34
-49
53
112
13
64
52
206
22
65
8
-16
-6
9
15
-55
45
32
107
90
-31
84
-34
-21
-31
-96
24
-7
48
21
22
77
19
31
25
-69
106
80
54
66
-1
-27
70
-39
40
-27
11
27
1
42
-62
60
-25
16
2
16
22
32
26
35
3
74
-11
86
-16
40
-29
-25
15
-15
82
55
27
-78
16
-6
26
-12
-11
16
-86
-125
31
29
-44
-27
-8
-35
8
46
-19
-2
91
17
-31
63
20
-5
-38
29
-17
41
12
-15
-69
1
27
2
-88
-45
-89
71
79
17
74
-28
-34
15
14
14
15
-52
-25
32
-56
24
49
81
60
-31
36
-34
-19
43
102
-48
50
-15
93
-35
31
-3
-32
-11
42
9
1
50
-17
20
-20
23
81
11
-5
-36
35
6
32
43
61
120
16
-35
-82
35
-55
-99
-10
47
-10
-49
33
90
85
17
-60
-18
-39
-89
-36
-26
-13
-13
-78
-45
52
-46
20
-20
13
-49
-88
27
7
-11
-16
17
14
-46
55
52
57
20
92
-44
62
-105
90
-19
73
57
48
-34
34
-33
-70
-49
-4
-14
-57
19
-12
76
-20
3
-96
-19
-2
99
-3
70
63
21
-63
10
-47
32
-14
-23
50
-56
3
130
38
17
33
-84
42
-79
16
39
-89
-38
20
-23
56
-38
18
-133
10
-50
61
22
-60
22
15
5
72
58
-35
22
-28
184
50
107
66
1
67
0
27
94
98
-32
3
8
-104
19
-59
49
7
40
-17
21
-14
76
-1
90
74
-16
58
24
38
33
56
16
6
1
-3
22
112
-50
-45
-18
80
40
-3
96
-32
21
9
-30
-12
52
4
31
-78
57
-5
15
-62
-15
78
-17
0
-11
22
0
34
25
-1
78
46
-85
-38
11
14
12
43
27
6
-35
56
-11
5
48
-46
-13
-48
-49
-15
41
-82
-46
-3
-24
9
5
94
50
-16
-92
89
25
-26
-12
39
-85
15
7
-27
-15
-8
-2
34
-48
-49
25
74
-10
56
131
5
-20
105
-5
9
15
55
88
-4
-14
70
-58
50
56
-52
95
17
20
102
-63
38
-72
-33
-34
-35
-14
22
-2
69
65
-29
24
84
81
9
-78
-73
17
-4
18
15
4
22
-69
-22
-6
-54
-37
55
38
13
11
97
33
-2
2
18
-30
71
-39
57
38
2
-76
31
50
-21
-65
80
-13
-118
10
-40
27
-8
8
22
-12
106
-78
-35
-37
56
27
55
25
35
34
112
97
-4
-133
-17
70
6
14
103
-56
-12
0
34
-44
-9
29
87
29
-22
64
4
6
-5
52
-13
-7
-7
59
8
60
33
-7
8
63
67
-13
26
-68
31
-43
41
7
-77
-33
10
7
-81
7
-28
-14
4
-53
-80
98
57
32
-8
-12
-27
42
51
-89
0
-20
-8
-14
34
12
-3
-36
60
-38
-61
-67
0
4
-75
-25
90
-68
-7
-8
-5
-48
31
-1
15
-43
47
-44
49
32
30
-7
-67
26
-23
-13
49
-29
-21
-75
-40
12
-8
21
19
21
-17
58
46
-144
24
19
-5
-20
-4
36
18
92
34
66
85
-14
-13
23
14
6
1
-56
-46
73
50
-21
-52
23
53
-64
83
36
52
37
36
-37
-21
-74
-34
-53
-101
-26
-8
63
88
27
41
36
-14
22
28
116
-58
22
-17
-9
86
-46
-22
-61
67
76
-26
-93
60
-41
-32
42
-66
0
52
20
3
1
83
-4
-41
-76
-29
-67
42
-2
-8
10
-12
50
6
4
-20
140
-21
27
-40
99
-91
74
21
-7
-62
48
-5
23
-15
-24
70
-18
24
45
36
40
89
149
-58
7
-38
26
17
12
36
20
15
3
103
-38
9
141
-5
-3
79
-24
-21
-29
-12
2
87
-39
63
34
-50
100
61
-66
-18
-22
99
35
55
73
13
-89
-46
77
52
23
9
80
-70
1
16
69
-37
62
68
-20
-17
20
-27
77
98
33
0
36
-10
-31
14
-9
75
38
36
37
8
63
13
111
96
53
14
-52
-23
29
29
0
-73
7
-29
36
-28
-20
23
63
-57
-1
-69
5
44
1
-31
7
100
-51
21
5
28
82
-36
-59
-25
-2
28
33
-62
-36
31
-33
-110
18
67
-1
75
-2
4
5
-44
-4
-35
-62
-4
1
61
-6
-20
-64
18
-38
-74
62
77
-43
72
-34
-39
40
30
-58
-93
-33
-38
31
-32
-92
-33
-97
-66
19
73
-1
31
14
-29
23
-25
50
-24
19
-15
26
-58
-13
20
-64
18
-50
64
36
-5
49
44
25
-33
36
-39
98
23
107
-34
-9
1
12
-89
-85
36
-41
74
-43
5
64
46
67
-7
-25
20
-16
-67
37
30
23
-9
61
83
23
75
12
-41
85
125
32
-9
0
3
18
-21
35
-14
-130
-17
11
-45
-60
-16
22
-120
-40
19
23
-93
64
-16
37
23
63
23
-95
80
62
-5
-26
35
76
-29
0
6
-7
115
-50
-28
9
-15
-9
67
55
-92
-27
64
-33
46
16
-62
-25
28
1
-2
12
16
34
92
-11
18
56
-55
-25
-9
10
-83
-41
7
-25
-49
69
16
4
37
66
38
-55
-66
27
-24
8
89
-14
49
-46
-59
65
66
4
37
-17
27
19
48
79
-4
27
-74
21
-9
-21
-21
-74
-57
121
46
86
-12
22
-29
99
-120
-3
14
-47
73
-46
44
2
-72
-83
54
21
12
-85
28
41
3
-27
-51
55
-38
47
28
-14
61
-30
40
-14
-77
1
90
-61
22
-79
56
-65
38
32
-7
14
44
19
64
-19
-24
45
-36
99
9
-17
22
66
-82
112
23
-16
38
119
26
48
-48
33
3
-25
14
-80
-22
76
-2
-6
17
-118
9
65
86
91
28
115
-141
-51
21
29
-20
-47
-3
-92
41
56
44
1
-62
29
31
-6
0
29
-12
19
11
78
27
-89
-57
14
28
11
30
4
17
39
50
33
-99
7
25
3
33
16
18
-40
-17
-21
47
30
91
1
5
46
4
-58
-1
-1
15
-18
-46
-17
15
-83
13
41
-12
-2
-14
-46
10
91
4
65
-86
81
15
0
18
-59
-17
-33
-4
86
100
95
-39
32
82
96
27
48
80
12
-30
-47
-8
-53
-34
44
-23
14
116
19
0
-47
-19
40
71
-59
-53
1
84
30
49
35
36
114
2
-117
8
63
-67
-3
37
45
74
26
54
36
25
1
50
-86
7
-83
-49
47
56
32
-94
-16
-35
7
-7
47
32
76
25
-8
45
-1
18
13
-34
77
-124
-12
-55
49
91
26
4
-60
-41
-59
21
-71
13
32
-9
24
39
-10
42
-48
-20
-58
17
40
21
50
5
82
55
89
-10
64
-70
-26
-37
79
24
-59
80
-31
-11
39
-81
-7
-10
15
-52
45
-51
21
8
-7
-121
-113
7
-101
34
6
-21
-5
-35
37
-46
-162
-18
-7
-69
2
-68
-12
18
-42
70
-46
10
-33
-24
38
7
-28
-19
-21
63
-19
2
-20
-24
55
73
70
-73
35
109
24
56
18
41
88
21
13
92
18
74
13
29
-30
-2
-11
12
69
-58
23
-45
105
152
54
125
17
29
-16
39
20
-54
66
68
71
-30
20
24
36
22
26
28
-102
1
12
1
-17
65
42
20
-24
105
47
72
83
-46
-14
54
-65
40
89
49
-15
-65
-18
42
16
-10
61
-30
-2
15
-100
62
51
28
-25
70
9
4
-50
51
15
-30
-69
43
48
76
15
-19
78
18
104
1
-43
10
45
69
51
5
35
50
-6
-42
25
-9
53
-43
-42
9
52
-32
48
5
-14
-30
-33
-1
40
11
81
76
-29
73
77
-16
73
26
-92
-41
-4
50
156
1
18
-40
23
-47
11
44
-35
11
41
-31
95
11
18
-50
-15
-3
71
-18
60
-37
19
71
67
-6
-38
-72
16
61
3
47
9
-8
30
6
-45
25
-67
10
25
-50
-21
69
17
74
-9
89
44
22
24
-98
-34
-55
-46
14
-50
129
-38
-61
-23
-63
46
-65
-11
13
-65
55
-44
25
98
29
-49
11
15
9
-19
6
16
20
26
53
-12
118
18
-26
86
49
88
18
3
80
-13
-38
89
14
113
4
96
-44
-60
-98
40
63
0
-81
29
-127
-59
23
17
5
-82
-119
79
-46
-71
70
-50
58
-13
-80
-9
41
5
-8
-36
-54
-48
52
-62
39
6
-80
72
7
81
-17
-60
36
-69
22
-82
73
2
18
-12
-19
-55
16
27
41
0
16
-17
156
32
13
-68
62
4
21
60
-84
-13
22
0
39
55
78
83
-15
91
2
54
-1
21
27
7
5
9
20
3
-38
49
-8
29
93
33
-24
-68
14
36
-27
-57
-28
89
-4
19
20
-27
50
-62
-49
64
-54
-11
28
34
-26
-33
39
82
80
-40
-171
-1
-42
-34
52
-68
2
109
-48
7
54
10
-5
-11
22
24
-18
-38
24
10
-39
-31
30
-20
38
29
-1
34
-15
88
24
74
-80
-8
-60
-15
26
-28
9
-73
95
-6
134
35
-9
39
30
16
57
46
-32
-48
18
-49
38
-20
-25
-44
65
79
-8
52
-51
70
-106
26
-89
-8
-13
-14
89
-26
13
67
44
-11
-65
-62
-16
1
-3
37
34
-5
21
45
-102
-35
-3
-67
15
74
-29
18
-21
31
82
12
-25
-70
15
-5
-52
-5
33
28
-24
-11
46
-16
97
63
2
-95
-3
16
76
-39
108
48
7
91
-15
-21
-12
-17
-62
-58
71
70
-57
82
0
-13
13
106
8
-63
49
74
-50
-74
-21
6
55
97
1
63
-55
-45
-41
30
35
88
-14
70
108
64
22
-4
-29
10
11
-12
-33
113
34
10
72
-76
-77
62
46
-29
66
86
-12
15
-161
-31
-23
-41
84
1
66
-80
-109
32
30
-95
7
-11
-14
-21
-7
24
28
-29
6
108
73
-23
-46
35
66
-21
97
-65
-18
25
-3
-118
-88
-76
-5
-5
42
-29
-7
108
102
-7
-40
32
114
0
10
9
-79
-3
13
69
39
51
-9
-13
20
31
104
35
-17
-60
34
0
49
-105
35
-59
-41
7
10
-62
-11
-60
-45
-20
105
9
48
34
8
-20
-57
81
0
73
93
-45
100
-70
46
-13
56
65
55
34
14
1
-16
5
-33
-62
-21
71
-29
4
45
60
9
22
34
-61
5
-4
-20
22
50
57
8
-69
-35
55
1
-17
-26
-50
80
96
48
-38
-39
31
0
-9
-14
-82
5
73
38
32
-55
-16
-44
-6
91
20
18
100
-33
-4
-40
48
55
38
73
-7
59
-35
-104
7
65
94
138
11
0
-10
-17
87
2
-46
-31
86
67
-2
-22
-16
-13
74
38
27
75
50
30
21
-26
-29
-30
6
81
-51
12
49
54
-3
-19
53
-55
-33
-22
-87
47
96
47
-7
-45
-41
-11
45
92
-32
72
-44
-7
79
29
-24
60
-57
11
5
-32
-5
-13
16
76
17
16
29
-30
47
35
20
90
8
39
1
2
-3
-34
-50
27
84
-14
57
-19
111
-5
67
76
63
50
12
30
29
-14
23
-44
-2
-53
-29
70
-49
61
-20
-88
131
-42
103
-19
52
98
31
-59
48
-71
32
-1
44
-15
120
9
52
-55
64
-5
-37
56
48
-19
114
-43
-5
-57
67
-14
-24
-25
-21
72
-35
9
37
34
-103
-35
-44
96
25
23
8
5
37
27
3
68
-73
-46
31
-40
12
33
47
1
-61
61
-77
-16
16
-19
-32
53
52
-29
108
34
50
103
8
-21
53
-42
13
31
-45
-43
-4
-25
74
-18
-6
30
103
19
-119
-33
8
2
20
39
74
-4
-30
-105
148
7
-5
61
-39
50
6
-73
-10
-41
8
-16
-47
38
0
83
-24
-26
-55
16
17
25
-17
-12
-36
51
-58
69
-30
16
18
54
5
16
-32
53
-16
65
-22
48
73
-51
-74
16
129
-25
-132
76
-10
45
-68
-96
-43
0
-19
8
-79
-41
35
-37
41
13
23
-52
37
-49
34
-34
-53
37
-24
-113
-12
-47
0
-46
36
-6
-9
91
4
-54
-23
49
-59
7
41
57
37
-34
-77
80
38
39
-30
-44
19
9
20
-3
-3
19
54
46
-16
4
-61
-59
111
-31
50
67
46
6
-25
-85
-48
-7
-40
83
-56
-80
76
104
-30
-7
58
30
-14
12
44
-15
-44
54
36
84
35
155
-77
-70
27
-14
52
9
-62
40
-56
39
45
-20
-38
-34
34
91
-34
11
54
69
-11
115
-12
-10
-82
-81
-57
-37
-46
47
101
74
20
-42
43
-37
44
-34
50
-23
52
-2
-109
93
11
42
-86
38
-23
6
20
61
37
24
19
17
-105
-7
83
4
94
7
-35
65
-72
11
-43
9
-66
53
32
73
81
-35
-37
33
-73
99
3
116
3
-48
56
-14
1
22
-29
38
-27
-25
19
72
22
-55
-50
-68
65
75
19
-4
26
-61
54
1
18
-27
55
2
-53
47
33
-3
47
31
51
56
10
35
39
24
19
-93
46
-69
4
72
-73
-3
-14
-49
22
-26
-34
28
80
-33
32
84
82
-27
23
60
16
27
-1
19
-10
-101
58
-22
39
80
15
4
62
45
2
-5
64
-18
-39
60
52
-27
30
-41
-35
68
-20
-55
17
45
10
-16
53
19
-86
60
28
47
-16
-42
-42
-34
47
-9
-93
119
-15
22
-18
-97
-13
14
66
-66
95
162
-31
-96
-27
33
-16
-11
-7
62
54
61
-48
73
40
26
-79
7
-36
-4
-32
-58
37
-6
-46
93
-66
-42
-16
109
22
72
41
-34
-11
35
10
28
23
1
10
24
10
87
-72
