46
-183
777
-91
-208
209
-284
84
-100
228
-2
-208
-388
304
2
120
38
-214
-236
145
98
-163
47
49
-26
-218
113
38
192
293
-313
-494
-201
308
-235
483
-74
-282
-45
-15
224
201
-148
31
-37
-8
-368
414
-187
-117
250
303
-287
-31
-20
50
-325
-213
-248
-168
105
555
354
145
-228
-238
-36
-155
67
-603
195
-298
329
368
-18
-191
574
-561
-100
103
-376
147
-275
215
129
-83
6
-299
-294
-126
37
-11
61
-153
47
-10
161
193
-306
-53
-391
476
157
140
-35
179
187
130
-551
380
139
52
-291
323
-185
19
-196
-1
-541
163
-285
171
256
296
-578
255
26
-182
245
-35
82
-157
75
355
15
-431
148
-351
252
242
309
-259
-161
-299
-168
-258
56
-110
320
-120
353
-603
276
156
124
139
-97
-105
-216
-66
143
-293
-222
-407
-295
-195
-87
-36
-450
24
228
-274
-262
-104
461
-285
-388
-71
269
440
-57
-127
232
-121
-142
-267
-184
172
-393
-46
-48
-324
-244
136
-114
-251
-572
-118
-51
287
6
-480
-413
-614
-545
-90
-1
-395
-255
-427
-76
82
-175
128
-18
-154
-58
-359
8
120
37
233
395
8
149
8
-192
-219
-42
-371
-433
-38
243
-544
-56
364
71
9
-29
119
-336
-5
254
-123
-3
232
30
-297
19
43
-110
-43
25
-264
156
157
239
286
365
202
155
-161
200
33
373
-13
-235
70
77
277
-652
-38
225
-327
189
-151
-170
52
115
61
-230
106
-279
183
95
-524
181
511
-306
212
103
-354
-4
579
-345
-114
109
-716
227
-68
-249
23
-40
-342
-254
-359
103
-67
-86
-335
-154
312
207
-206
267
-71
-81
-370
-40
5
-274
139
208
-131
22
-195
332
-29
-319
-271
594
117
-1
-146
-174
-247
-311
-247
360
306
22
-95
234
233
238
676
-134
-272
-409
-162
-218
-327
-265
-187
-258
-542
58
-266
-380
-185
560
368
-247
-58
218
165
-8
-257
77
37
-20
-228
237
71
3
-5
-259
-357
258
556
-472
136
144
-371
-5
-318
-361
251
323
-181
-70
-24
-79
-13
-93
59
261
699
44
-88
98
128
-306
276
116
421
-279
-235
338
-343
-30
15
132
-64
339
-30
-133
184
465
-15
-113
-38
-368
-74
-161
-318
-250
-171
-211
182
284
-188
104
-33
-175
-146
-223
-124
-30
19
-418
-621
-188
249
10
-194
-131
238
46
26
-1
155
72
164
-62
-322
120
-220
113
-183
352
52
82
124
-175
-385
-594
369
-15
-213
318
106
-602
-630
-77
-253
159
404
207
-3
110
14
-15
522
-254
-355
-347
-252
340
333
348
212
28
89
-77
-119
-12
84
185
-101
139
-27
200
-31
335
-113
-385
229
-103
-321
-73
-377
138
176
91
221
261
-10
124
-172
-275
314
-186
377
-59
-70
254
65
-28
241
-392
97
-161
-314
43
-226
35
-359
162
469
-17
-327
420
-412
-276
64
420
-43
-88
-258
132
121
400
331
-184
-89
-10
195
-195
20
-279
141
-72
-29
-797
-509
168
16
-225
-4
-47
185
-26
-599
256
-20
-102
365
-192
-77
-127
193
315
112
-137
-309
-52
72
48
-361
27
-125
129
-105
-222
215
-275
385
-176
31
91
382
270
-249
468
564
-191
136
242
205
-23
279
-222
362
397
276
-46
266
225
491
226
251
184
219
-204
-327
-399
-17
97
-35
4
-129
-52
16
-26
290
468
-57
-17
-47
-141
148
404
39
-126
-73
207
-420
182
-175
157
11
19
-160
-103
-431
-239
274
234
-233
110
-17
-239
-214
137
16
-310
-126
-470
360
-187
44
-1
-111
243
-119
-394
-346
-340
205
287
213
425
-175
199
474
355
139
-19
191
-186
-42
145
223
-377
-32
52
-64
123
-263
117
-331
-335
70
-711
-254
-70
-149
-181
59
267
78
-476
52
-395
31
586
-442
-4
179
-48
244
261
-112
-87
360
183
147
-51
-97
-52
514
338
163
-89
141
362
105
567
365
-501
-589
173
126
-525
-179
62
-32
-38
319
48
54
-504
18
-136
156
-39
202
-315
154
-6
-53
-278
-240
210
82
375
13
-121
-49
-144
225
213
107
127
232
107
-34
149
-67
236
-52
-224
67
360
-205
-133
-434
16
34
259
-16
271
52
-164
-351
-99
-255
-251
168
-373
184
241
-140
263
2
-282
-234
-147
169
-81
-148
166
109
345
209
-83
-547
35
599
148
259
-67
57
144
-8
-1
-337
-347
206
604
-621
-107
-170
-110
242
-388
-146
-354
119
301
28
122
458
-13
-470
-157
-245
62
-381
-191
351
185
84
-732
-211
354
127
134
-335
-181
-81
-323
68
-225
-384
184
243
473
-88
-641
227
253
-86
-59
84
287
275
76
409
153
-295
-166
-109
92
-67
274
503
52
438
233
43
-186
131
-190
-215
-278
-30
-326
320
-53
544
-121
549
246
340
-279
97
656
-212
305
-599
147
94
72
-579
-26
-422
59
-212
-74
235
-192
201
188
89
178
-521
-37
-252
14
157
-208
-229
328
42
-218
123
-352
-7
-272
309
-151
157
24
492
-53
478
-91
-213
-200
-441
34
540
376
-274
112
-269
345
-10
-382
256
14
205
107
143
95
91
692
56
-216
114
-356
-57
-104
-34
4
-136
-195
233
85
130
32
432
-113
-79
136
-313
-76
82
-229
-45
-105
123
-41
-141
-54
-22
-297
-128
