-909
-971
564
1063
-244
416
-170
-260
-1138
757
1422
1661
-399
-1528
1591
1157
-1329
344
-1056
-198
1233
546
-786
1527
208
-645
474
90
-97
-1022
651
2
-472
546
-618
490
25
126
1468
526
701
1447
756
-255
-1390
1131
368
575
4
-672
492
-1071
-1478
1355
-1649
1195
446
839
-833
277
-650
287
1015
572
1587
-816
158
1357
-90
-1507
-543
1549
501
-1664
-406
-641
-17
-1219
-915
332
-20
-862
-334
167
-571
1127
-1275
-1657
-854
1423
-1081
1578
-691
-247
-1427
-1285
705
1547
-990
357
-148
35
-491
-936
-736
1509
1312
-1140
-849
-970
1583
-972
1223
-35
-1283
-522
-524
115
-1351
-144
1369
1471
37
-1129
-1253
-454
-1040
827
476
-1077
-1403
1309
-52
-1400
105
-365
419
-1036
-774
1237
-1522
1595
-1353
-738
-576
-57
1198
-911
187
560
-1098
-1272
-1375
1449
-120
-66
-494
-707
1162
1450
-1479
1251
752
-397
196
1256
-562
1630
141
-1065
1030
-173
901
-584
-484
-769
505
206
-498
-1037
1421
1560
716
146
1191
1410
-1492
37
1571
1350
1185
694
606
-67
-534
-803
-206
659
-307
-466
-1021
703
-1561
-822
138
1122
1546
-526
1593
1206
-511
1166
-593
-158
-1587
-423
635
1556
-1454
1081
1303
-1293
204
-1605
570
-1233
-1251
630
-1442
-1475
-45
427
-709
545
-1111
565
-365
144
832
947
39
-1052
-3
-863
-38
-906
-587
-876
-361
-652
1119
-1432
-1486
-596
-585
93
-965
-345
-520
-1018
-158
1600
707
400
970
-1502
745
-435
-703
695
-1292
8
-294
-1612
1551
1408
567
350
188
-1026
1590
1628
759
470
1075
-729
1
562
-1195
680
-57
-646
-218
434
-1185
-1068
692
1535
-1374
-1579
-1021
-1103
991
-255
-354
714
-789
-978
-109
-830
1625
1467
-102
-775
143
1377
-1452
-167
-627
246
1639
-1175
-2
749
1419
1663
902
943
1587
1037
-582
-865
1272
-843
230
-1517
1059
232
-400
1211
1318
172
549
1482
-948
642
-1133
-1135
-220
-577
-256
621
1004
336
1189
262
1144
-606
1339
315
-89
-1494
-21
640
-127
145
1013
-174
-1342
-451
519
-1143
-624
496
712
-619
429
-83
-886
67
-1287
681
-1263
505
-372
-468
207
-1649
916
-376
-858
-893
1058
766
-1092
1591
1409
-814
773
-938
-279
1619
-567
-167
-15
-841
-1347
1130
196
814
-1012
185
779
418
881
-1559
1450
-1434
1609
-314
848
-1419
-1488
-1275
-632
-812
1248
-1114
-765
-1367
-1290
-1213
333
1654
-247
-802
-1250
459
-380
-1082
-1301
1602
-1552
-610
1635
1638
1611
-124
731
531
-986
-573
835
-62
-1519
1011
711
516
95
-440
-160
1581
1560
576
1366
-499
-717
1201
-1642
1254
-796
-758
-1088
-584
669
1062
-493
-444
-700
794
1657
-165
-396
-834
-22
-286
541
1360
660
1167
1467
-1529
1512
908
-1112
-1657
809
1322
-1032
-324
-1475
-1635
-725
-477
-1241
-299
-870
-1045
429
-53
-1001
-400
-444
-979
-112
-496
27
651
1058
68
630
-1583
-538
-475
151
-176
-1375
-988
-1422
-1201
-1476
-684
892
537
-840
-1221
640
268
-1025
669
721
440
306
-1638
881
-1370
1412
211
539
-1602
-132
-182
-78
169
-927
1357
218
567
470
813
134
-1129
-6
-1065
-1562
-234
-105
832
-848
4
1163
-1519
1038
-194
-701
874
-535
-842
-753
-1413
-851
-564
1068
462
768
330
-1635
259
636
859
1192
1299
759
1308
-1251
-241
-1660
841
-1246
883
1230
-1473
-1151
554
-1273
1457
-488
-237
-560
-594
-1061
1173
-1154
1493
948
1262
687
-98
-1622
1482
1638
-132
705
911
-1572
546
853
45
1340
75
581
1318
-568
-141
775
-1110
-1213
-515
1066
219
-309
-1235
-1217
-964
-200
781
1023
1617
855
-379
-748
-1567
1176
1446
612
443
-1348
-892
413
-292
-190
1322
-843
-770
-535
878
218
-492
1655
-64
-690
1621
1639
-191
526
115
-590
-290
-345
-821
1067
1087
-1639
-245
821
-1040
83
1434
1033
-240
-1215
-1274
-155
-1355
331
103
485
1592
1196
-901
1617
-16
1616
-1101
316
-503
-288
-176
-1237
-236
-966
-308
-241
888
435
848
-474
-574
302
12
799
281
1288
147
11
-421
1649
-35
-258
-194
-1026
1480
-479
-1344
-1592
-874
679
-879
394
-921
1390
-948
65
963
1217
1471
-566
-218
183
220
683
-1051
-330
174
-1049
831
1108
297
-669
-1122
1573
1165
-46
-408
646
830
-429
821
651
1005
-479
-834
-1308
479
-1505
1445
-717
-92
-1070
1384
344
-556
931
725
1465
556
1289
-78
221
1266
76
-596
-983
735
745
972
-1474
-434
-1445
205
-1400
751
986
500
1627
-664
-680
698
-969
-884
-1364
-1620
-1237
-1605
-292
-498
-629
-849
-449
861
1424
403
-493
-568
939
0
-494
-323
-1243
-1473
-137
-171
-1218
-446
-488
-119
-1001
1165
-72
1600
402
1010
858
609
-65
1040
-582
1212
852
-535
1002
1139
-491
-158
-6
1437
208
-711
914
125
-1211
-1364
-353
-1336
135
-1467
1607
334
-1179
-271
978
1171
502
-548
-1127
-208
102
470
-1188
-846
411
1266
1539
1556
-183
158
682
143
759
-1069
52
79
845
-710
-1518
-1560
-998
-1320
-1224
757
368
1185
-792
-14
-1224
-1349
-1515
737
1535
-889
-155
1257
-1360
1634
1063
189
979
490
-1131
-1297
-300
1195
590
-524
644
-546
354
-1447
1368
-388
-403
317
1566
807
1323
-398
-553
-1479
562
-1655
-1306
-280
-844
-1119
798
-1653
-659
1577
697
606
-409
-1269
96
-1605
-1534
-577
326
-724
1314
-805
1521
597
365
796
-1252
-1291
-1169
-491
-1432
210
-1596
-1074
-1023
246
-1342
955
91
1458
379
1272
-531
1396
629
1309
141
-576
481
1308
44
-468
472
637
-373
1610
484
-1439
135
716
-1303
1367
-1027
-284
-190
-1244
1001
1026
1030
-80
652
-851
-1046
114
-637
1173
-538
-800
-604
708
1135
673
-750
1099
1256
1500
-1534
-1157
838
9
462
-1547
754
-975
-709
1100
592
1513
-299
-904
812
226
932
931
-470
-1089
-1330
-581
608
-682
231
-1033
312
-924
-1504
323
829
-1542
-27
1528
1416
-563
-93
942
851
687
618
-92
-83
-1629
-391
1442
-1064
1468
524
-811
1655
-96
1042
-522
-1580
135
1352
-1238
1435
61
-1239
-150
-1253
20
-668
803
-1121
558
1328
282
-828
-392
-866
788
-1105
177
-33
1502
-196
-906
1611
535
-133
1370
1379
804
-1438
1180
-1163
-1270
-141
-144
-293
945
-993
-927
-201
-955
1496
559
-1187
-1344
-1319
200
443
-119
-593
909
-771
-723
-1364
-1434
-273
514
-1436
452
-1556
-574
-1601
-261
-718
354
437
991
1254
39
-652
-1629
116
1428
471
-428
524
99
-214
-886
1623
-665
-1211
1571
286
140
1234
809
-530
-98
719
1489
-1214
296
-1270
-1606
1549
95
1169
799
-618
1513
828
927
221
-1565
1317
794
-825
127
1399
-490
1176
-1051
1587
-1437
199
-720
-1245
121
-91
-54
-1022
-949
-589
-651
-864
406
-276
-1631
-725
180
724
495
-751
793
-930
-531
1283
-132
1363
-58
-681
467
-1533
-812
457
892
789
967
-1058
-1218
-550
357
-745
70
-238
-73
1410
833
-556
4
-460
1009
-1343
1046
-319
129
1324
465
509
-974
-164
-1283
-905
-1233
27
-222
-1159
-95
1555
593
490
250
-329
-486
633
-1377
-1439
-1578
-794
1492
179
-1484
735
-267
1652
-1440
1106
-1275
558
1307
-294
919
41
874
-1236
-848
-1526
-672
-305
138
509
-298
826
730
-1580
-553
1153
-1543
1039
940
877
-282
-1032
617
1650
-842
-182
635
-561
1489
-677
596
1343
-116
1207
-919
-554
-14
-1104
170
-84
229
-917
593
566
-220
-990
-1404
834
-267
-1190
1530
978
583
1313
980
633
-943
-383
-1430
-788
1179
476
-69
-950
951
1105
1285
-576
-835
-762
-42
711
-1131
-456
1657
-993
-972
-1011
-1074
1235
-1266
308
-327
1295
783
1056
-1491
-555
-1503
1158
-699
-62
-671
650
127
101
-139
466
-597
-1501
1175
-1326
-332
188
1341
-1429
-1289
1612
1362
182
789
751
-1345
-560
161
-54
1579
-462
396
-1082
-10
377
-834
974
470
-573
-1549
-1598
1289
424
1543
273
1493
-1365
-1612
469
1470
383
-724
282
-1265
-289
-403
-148
1269
-994
-1509
1608
-482
-1554
-851
1065
270
363
330
-845
-263
-537
-1533
152
-839
651
-573
-1388
371
1455
1
301
-1224
-811
770
1165
-94
-344
-260
768
-682
1293
-1174
-1174
-1060
-669
46
-1207
-811
449
-1607
-1327
428
-1145
-1323
-997
129
-1422
-912
1398
-58
866
-3
808
1189
-211
929
-724
-669
-739
501
-1470
-541
68
-330
-497
-379
1350
895
-142
-145
-1607
-374
-564
-113
445
488
-371
1084
801
-1653
284
418
1366
-944
-1207
-1070
-1312
-1641
1588
-1010
-1251
-28
378
-563
-731
-838
-489
-1523
-996
1252
-18
1330
-730
298
1047
-485
-200
-1195
171
-304
984
870
586
-605
532
1179
585
-1089
-533
188
-229
-1585
757
-624
-1498
-912
-1497
-873
-374
-1472
1164
1190
1321
157
130
1166
-256
1370
-1420
-674
868
-1646
-824
1585
-1057
-802
1228
106
-1391
1118
619
292
9
-626
-435
15
879
754
718
418
726
1073
1645
-179
-1399
-758
-297
943
335
871
1424
-590
-960
-804
532
730
213
378
-1336
311
-1117
-419
1110
1243
1524
454
-710
875
988
-701
565
337
692
-1261
1309
952
-1615
712
1387
1262
1146
-1183
-1246
1422
1036
-347
258
471
-345
-1377
100
-378
-1539
-517
1308
1067
-164
80
1275
-255
-1179
-62
-134
-1302
1102
-806
875
519
1463
-652
769
-571
953
454
-388
-906
-1312
-1426
405
-1496
-1171
858
190
-200
-336
-1211
1533
-982
281
259
743
-277
402
1111
1170
1317
-711
-1163
-278
-1005
1227
1282
34
212
1488
1145
-1325
-772
-581
1007
-348
902
25
-1253
-750
282
1564
1015
-1031
944
-978
-1600
-1035
948
916
-71
1411
-112
-645
535
-1419
745
1359
383
-152
107
-206
239
-1022
545
-785
1020
1403
598
166
1044
259
97
1514
-1399
913
1033
-1546
903
195
-538
-1510
-1408
788
-918
1278
-1261
-480
-353
-291
-669
681
-245
743
1372
1508
509
-1632
1627
1616
108
763
-823
-631
108
-710
-1592
131
298
-564
1196
-1099
-1357
653
-1261
506
432
1562
-1127
-1592
-1099
1333
1314
-1577
-421
-817
953
-927
806
1191
845
1357
1202
-1452
1305
1470
519
-913
493
498
523
1281
-270
1022
-1576
1591
-1232
44
-1211
209
455
756
-513
-1337
-457
861
-16
355
-654
1544
-1492
1224
-696
-1160
1640
456
-816
1074
1267
-304
365
1068
667
-1208
203
-164
-1354
-1295
-852
856
1235
-796
-845
1514
611
-517
1368
-134
-362
1134
-1133
-927
268
340
764
-1202
403
-1231
1304
-387
-1139
1595
-755
302
-1293
-412
-602
-1027
-1377
82
-438
-331
837
-575
-1639
-418
1646
67
1154
1455
1558
-326
-239
1175
-1263
-395
180
-812
667
-669
-796
64
-802
-1358
-995
1631
-156
1227
-1174
-157
1472
223
-758
-116
-207
-513
1544
1506
43
983
-726
-99
1398
-1382
-1402
-1071
1615
902
750
1367
-1302
1440
-601
36
-465
1364
1186
74
-1565
628
-109
691
1375
164
534
892
203
-261
-737
1587
-1620
-1158
246
1082
-304
-37
1336
-472
-68
206
-506
-838
-1454
-262
-1385
1196
947
170
-577
-910
628
-652
713
300
755
1503
1032
-1114
25
-271
82
895
150
-1286
1255
961
910
403
-565
-906
-995
-402
-626
-1246
-1376
41
1234
373
-994
-1646
-317
-1228
275
-987
641
