-4
28
26
-8
60
41
19
14
12
49
-23
-28
-40
0
44
-22
10
29
-9
46
39
-8
3
37
-4
-25
13
-24
-45
48
33
-27
-15
1
39
69
-2
2
25
-38
-24
3
27
25
32
25
2
9
30
13
20
11
35
17
12
9
-15
45
-5
43
27
23
9
-41
18
36
36
-11
-27
16
-7
-29
15
57
11
34
-15
38
28
2
-17
25
-4
-3
-31
14
-26
15
-22
-41
34
26
-19
-3
16
-8
-25
-18
-25
-39
-12
-4
-21
9
-4
-52
-27
8
-5
-9
27
-2
23
35
1
-8
12
41
41
-1
-14
16
31
71
14
4
56
-5
17
40
42
26
15
-34
32
-22
9
-1
0
14
5
12
-23
46
4
5
-4
-16
-11
-43
-10
-27
28
57
1
-27
28
4
-24
6
7
-12
-4
17
8
19
19
17
12
15
18
56
55
-29
41
4
-4
8
9
-11
15
-6
17
17
34
-14
-23
-11
0
1
-42
12
5
-9
11
4
-6
-15
-29
-12
26
30
29
12
-38
-13
-11
-1
-7
3
7
-15
-15
26
-2
4
5
-28
-14
-16
32
6
-22
1
-19
25
-7
37
22
12
3
-15
19
-6
-17
15
-27
-16
-21
-14
4
50
-4
9
19
32
31
-13
3
32
-12
-11
-34
-20
-24
-2
9
-16
-7
-10
18
14
-10
-8
-27
9
36
-20
22
-3
-26
6
-3
-13
-3
-1
27
-30
29
-3
68
10
2
-6
29
24
11
19
10
-9
45
-1
43
-3
25
25
10
0
15
-18
35
-8
51
12
1
8
-8
-22
0
9
-17
-29
13
59
50
-37
17
50
55
-4
24
37
9
-27
28
20
-34
51
-13
26
9
-16
3
15
4
2
14
8
13
-10
-7
48
-18
-5
-17
-16
32
-27
-35
32
1
30
0
-7
31
7
-23
-46
0
20
-30
-29
-30
3
5
-33
-11
17
17
20
-2
18
32
-36
-17
-13
53
15
25
23
7
-49
-29
-16
58
9
-18
25
-2
13
-3
35
41
11
19
-26
10
38
42
28
-5
9
18
-23
-68
34
29
28
-8
2
3
22
-39
-38
-3
16
21
-24
-32
-48
-15
3
16
19
3
2
21
0
0
0
36
1
-18
-2
24
10
-14
-21
25
0
-28
-16
4
-14
1
27
19
6
13
-11
7
40
3
-18
42
18
-19
-27
-5
11
3
1
10
4
-10
-5
8
16
29
43
29
0
7
45
36
26
11
14
19
47
23
-29
41
-7
25
1
58
35
37
-8
28
15
22
20
-18
24
44
31
-5
-8
-14
8
17
-11
-2
8
2
-29
-9
3
-3
27
1
3
1
9
31
-8
3
-12
26
10
11
48
5
-33
3
9
7
15
29
30
9
34
-15
-15
-19
34
2
30
-19
14
20
0
15
5
20
9
21
-7
13
40
41
6
6
17
-36
10
-20
-16
-20
38
30
21
-19
25
13
-26
4
-1
-23
22
14
23
-24
-60
-5
15
22
29
-12
2
-4
14
6
11
-34
3
-18
-7
-1
-4
-15
-13
10
11
3
41
1
-18
-1
4
28
18
-15
-45
13
11
-7
11
6
11
10
-38
-3
-36
-3
32
46
-5
28
-1
-7
36
9
-5
-29
-11
23
50
12
-17
35
20
11
-4
20
-10
-4
6
47
-17
-15
-7
28
26
-20
-9
22
-43
12
3
12
11
-11
16
10
-6
-14
16
20
12
20
9
1
-10
39
12
20
-6
-4
8
18
20
17
12
-23
-11
83
-31
21
21
21
34
-40
-17
14
-18
6
-9
-9
10
22
18
9
4
15
-6
0
32
39
4
1
4
-6
-25
3
-6
-19
39
31
-11
33
3
58
37
6
34
-39
34
-14
5
-8
-19
-2
26
-17
0
-3
34
40
29
-5
2
32
32
-6
5
35
-21
-2
21
-23
-5
-21
15
-6
29
41
39
45
22
44
-4
1
22
-3
50
-8
-8
1
25
6
24
-13
18
-9
-13
-8
-17
-52
8
-16
-43
14
21
-2
-31
-24
-20
-14
0
8
2
30
-21
14
1
-15
45
41
-2
-6
-9
10
6
0
-5
-18
12
1
18
2
19
-26
5
-25
-27
16
16
11
0
-7
-16
4
-21
46
30
-19
-13
14
2
-22
-23
4
3
4
25
16
16
43
-23
41
35
-23
42
25
-38
-11
25
22
-10
-14
44
-22
35
4
20
-5
0
10
30
29
-3
-17
-18
-47
6
29
63
35
4
12
-3
26
-38
24
4
41
16
29
-3
0
-20
32
-8
34
27
34
28
12
-22
34
-11
-42
3
20
21
8
-2
17
24
6
39
-18
-10
-8
17
-12
47
36
11
14
-27
2
-3
-10
-6
47
23
62
-15
-34
21
-23
10
6
9
26
17
2
38
26
-18
24
20
34
-27
-34
29
5
17
0
-15
15
-8
31
18
4
-16
20
-15
-28
66
16
-18
26
38
5
-7
-15
0
-4
-7
-32
4
45
6
-14
-4
1
22
0
35
8
30
31
12
2
-16
17
17
-12
-16
-41
6
11
-13
15
41
28
-6
3
-10
1
-26
-6
-13
8
40
27
-5
-11
27
23
-18
8
13
-14
32
19
-21
-25
30
15
-3
-7
30
-13
16
-29
29
25
10
5
-8
6
27
-20
-7
-13
4
14
13
7
-9
1
-19
20
-7
22
2
35
-18
-8
3
-1
14
-21
49
21
4
-22
6
-17
26
-7
-16
9
-10
26
-43
-16
7
7
-5
27
-54
15
12
-22
-1
-12
39
31
35
21
17
37
20
42
23
-8
33
20
13
-8
6
9
-1
-24
-23
-38
7
40
22
-10
33
17
9
-5
13
34
-4
12
-36
-2
0
30
43
-19
7
17
-58
1
42
19
-17
8
-3
-9
26
-39
-35
-1
-8
-17
-17
20
-11
34
12
27
1
27
-53
74
-17
-19
-33
3
0
3
3
9
11
-50
9
-7
-6
0
20
4
29
8
-11
-14
20
19
5
27
10
-9
45
7
21
24
12
1
-23
7
19
16
-13
-26
21
-21
28
-11
21
-4
86
-11
-2
20
11
-42
-4
-25
-17
31
33
52
39
17
-24
20
31
19
13
36
6
27
0
5
30
5
-26
57
-27
-16
24
-31
-18
6
-10
-14
12
-21
-14
25
9
8
0
21
50
13
41
29
-5
46
2
34
29
54
15
-3
32
12
13
-11
29
42
41
39
-11
-6
-15
-48
0
13
21
3
28
22
11
-22
-3
-17
-38
27
-31
40
18
32
27
33
11
4
-34
3
20
20
33
-24
5
18
30
-8
-9
66
-19
-5
-8
18
16
-4
30
-5
29
6
42
8
-8
16
15
-8
20
-14
-7
15
-20
-4
-30
-1
-22
-43
-48
23
-19
3
11
-4
-7
-16
-33
-1
-36
33
-14
-13
28
33
35
5
49
-11
21
7
-12
-5
47
-9
-8
10
32
31
-11
38
2
-31
-7
-3
21
28
46
28
0
-11
13
34
35
-67
7
-9
12
2
14
11
13
18
1
46
3
-18
-24
-5
45
23
8
44
28
36
-23
17
2
0
2
-3
35
23
4
-15
31
-2
-20
12
10
35
-26
19
20
-7
-12
-1
30
-19
24
9
27
-20
6
39
33
23
-36
6
-25
44
22
-11
32
45
-18
-34
0
22
-12
38
10
56
-19
30
1
-27
-14
2
-5
13
-4
-11
-4
11
-4
9
-19
10
-25
-4
30
13
-9
-14
11
7
-40
-6
16
-43
-18
14
21
-63
-4
28
11
63
-2
29
-10
32
-40
9
-1
16
-34
35
27
16
-14
40
22
-16
2
28
19
33
-11
24
-3
3
30
7
-9
-6
18
38
3
46
0
30
34
-11
21
10
-15
-12
5
17
37
-11
40
30
-12
0
41
-27
-32
-6
47
-20
28
-14
60
-19
10
-20
-9
2
15
27
-21
21
-2
-5
15
-12
3
-7
-3
-10
27
2
-11
26
-6
-19
-12
15
-10
41
54
-15
34
-8
-9
13
-17
12
56
-5
-5
-9
2
34
4
13
-7
39
5
6
28
-9
26
31
2
-6
-15
17
-13
12
11
-4
14
17
22
44
18
-7
15
-10
3
36
-24
-11
14
12
24
14
21
-22
20
-2
1
-13
-6
32
-9
60
5
27
50
-62
8
23
11
-7
19
16
0
12
11
27
-32
25
36
-7
0
-2
-7
23
-49
-15
13
-26
-3
34
-12
8
3
33
25
2
-38
10
23
66
-43
-11
-19
29
-12
43
-8
36
30
18
-21
0
-11
23
-25
-29
-8
4
70
-10
19
-18
7
-24
0
2
-24
16
-8
24
21
-35
24
7
-38
-2
31
18
14
6
-32
18
9
29
0
12
31
-16
-8
35
-18
21
3
25
-21
23
-12
-24
33
51
9
2
-5
7
27
25
-9
21
7
-22
27
-8
-13
8
-10
13
24
38
2
15
4
30
6
10
2
3
-21
9
-1
-15
-25
69
15
36
-15
14
-18
-35
-4
-27
37
6
24
18
6
-9
-3
12
-18
-15
34
43
-17
-8
-4
2
-8
16
36
-9
38
-11
-30
-20
-14
38
-11
-11
29
25
-10
-39
10
7
-10
-3
8
-10
-26
35
-23
8
15
36
-14
14
2
-31
15
-46
23
-21
-9
24
-13
13
3
53
18
30
-19
12
-20
16
-5
11
-34
43
43
6
13
-1
-7
-21
35
-56
14
-23
12
-3
-3
5
7
-25
1
4
-11
24
-49
-39
55
17
11
-6
-5
40
-6
-18
-9
13
35
-28
-16
28
6
-15
19
-5
-12
22
-5
-12
12
18
7
5
11
-7
15
-5
56
3
43
9
4
-18
-15
9
-37
19
-25
17
12
15
14
3
48
-7
-1
24
1
-21
-4
25
-6
5
-23
26
14
31
7
-7
21
24
26
0
13
-8
64
12
0
-1
-1
3
-24
11
-5
12
7
14
-9
18
21
26
49
10
-3
29
4
-17
-16
5
3
33
-25
17
24
12
-16
44
15
17
21
22
2
27
1
0
-17
-30
13
21
1
-62
32
-10
8
-3
27
9
37
-26
-23
20
26
-15
36
-20
23
-15
-17
-12
27
14
10
-2
35
-5
16
-11
35
28
13
64
-10
21
-27
7
-15
0
38
47
8
13
16
1
-15
21
52
-7
-4
4
-23
3
60
0
17
-25
-7
-16
16
-20
-19
87
41
5
15
0
-16
-35
33
5
42
46
8
-31
38
21
-1
2
5
12
9
18
-21
-13
-10
15
8
16
28
13
3
-22
-10
-24
17
61
-18
37
-15
20
17
-33
11
10
32
33
34
28
17
12
-9
37
5
1
3
1
13
-8
1
8
38
23
19
15
12
-15
29
45
1
20
-5
-43
-12
15
-2
-55
27
29
24
-21
15
-6
6
-23
-7
18
29
5
50
-16
0
42
2
-39
10
22
4
38
22
-18
15
-23
19
-8
43
11
16
37
13
29
30
-3
16
-35
-39
15
-13
22
-12
1
21
31
13
39
-8
-7
47
27
-21
-15
35
-7
14
1
19
35
-3
43
29
46
18
-8
8
6
12
-28
-12
9
6
40
4
34
8
3
-31
-18
6
-10
0
3
20
3
5
-15
35
4
8
-17
17
19
53
5
16
-43
14
0
32
29
-38
9
-3
-16
1
51
13
-38
31
-6
12
12
33
27
-14
-42
41
-16
-4
-29
6
2
17
-32
-10
-1
-68
-1
61
-23
0
25
19
9
24
33
10
11
-31
-2
37
-37
38
-14
26
30
17
7
9
-6
4
-19
15
-1
4
9
15
33
8
3
29
-2
-16
-5
14
7
11
-2
38
-25
42
-10
15
14
-16
25
-23
-18
45
-21
30
-26
3
-5
24
-20
20
23
-26
2
-19
-19
-21
-7
-39
-12
34
-1
21
37
11
46
1
-23
60
-25
12
27
36
-29
2
-25
8
-4
-9
-8
11
-24
60
6
48
6
42
-24
29
-15
-1
24
23
10
-32
-34
4
80
9
-21
-8
10
33
49
8
-1
9
3
-25
18
23
13
-41
14
7
37
29
11
32
-14
29
20
13
2
-4
-27
20
14
44
12
-6
4
31
6
6
-2
-4
-23
-9
27
9
-34
-13
-46
-19
-22
-6
-34
5
23
4
16
10
2
32
2
34
-3
18
29
1
-4
13
47
-2
23
5
-1
21
10
16
13
6
-10
20
45
-32
18
14
17
22
-33
7
19
13
22
-26
-50
31
35
-11
22
24
30
3
23
-14
20
28
15
32
5
-16
-18
20
25
41
32
0
-26
-20
-29
28
2
-10
32
-5
18
-15
-5
-18
-17
-10
59
-40
18
-38
18
48
55
-1
64
-2
31
-17
8
-29
-14
-43
0
11
-10
-7
29
15
-5
-36
11
-13
12
31
-4
-4
20
4
16
10
6
-20
4
-4
25
3
5
-32
-10
-8
7
0
22
2
10
18
6
-25
-8
-14
27
5
54
-4
-8
44
-23
25
52
25
-40
-4
-3
0
16
26
6
0
-6
-9
-7
-24
52
4
5
10
16
2
-2
22
50
7
7
11
31
0
-27
2
-26
42
-15
12
16
-7
-22
12
0
-20
15
-10
12
14
-3
53
12
3
21
-5
-8
37
12
-18
21
-19
18
18
40
-8
-12
67
-34
43
15
13
18
-17
20
20
6
22
-15
51
-19
14
-28
12
-20
-19
-3
-3
-21
-15
18
-4
-2
-19
-14
17
2
8
37
-12
-31
21
1
-7
54
-7
16
20
-10
-32
16
13
-7
-40
-24
6
-15
-14
10
10
14
-20
10
30
-13
9
4
44
-28
8
-7
1
44
0
9
26
-1
20
-1
44
-17
-3
49
51
-9
40
21
16
-34
35
-11
15
32
-2
20
23
-14
31
5
-9
34
5
31
-2
-42
39
-19
-12
0
31
-6
-4
35
13
-6
-25
24
16
8
-4
7
34
-15
19
-5
26
-11
-7
8
-29
-27
-10
-23
-10
23
12
14
24
1
-25
10
29
14
-13
-23
19
41
-28
-13
1
41
-1
55
-4
-4
4
18
22
-22
54
9
19
-25
-12
-35
26
30
40
-2
34
4
-15
48
28
5
-21
-19
-3
-30
-14
-4
19
33
29
27
-27
9
1
15
-5
-35
-14
28
3
37
53
3
36
-12
27
6
12
39
-30
22
-15
39
-30
16
4
-13
-9
6
35
-6
14
7
24
17
47
-28
-12
39
50
8
-16
33
2
17
-3
-34
21
5
-11
-47
25
51
33
21
-55
-20
9
-48
27
-4
-40
42
14
8
12
30
35
-2
-37
39
-8
14
-16
-9
-50
7
3
-8
-20
-29
-4
-13
-11
-12
-6
-25
-12
-22
-15
-13
19
20
59
-2
13
-8
27
23
18
17
22
-26
-40
-21
25
-5
47
-31
8
-3
11
9
-9
-8
-10
16
-1
-5
48
-13
-5
14
23
19
24
28
8
-9
-25
29
72
11
-7
-24
18
5
60
-15
-24
-17
-7
6
-2
47
2
10
4
-3
5
39
10
-17
-1
6
-12
23
-8
-14
21
-20
3
28
-5
3
-29
16
7
8
-15
21
44
14
27
10
-4
10
-12
-19
5
8
-11
28
-17
-9
-11
-24
17
-12
39
40
1
22
32
-9
30
6
-4
31
23
-22
25
-6
16
51
-26
7
6
5
30
3
14
27
9
47
21
-25
-17
24
10
3
16
4
11
26
8
14
-25
-16
-1
22
14
20
20
29
-16
35
4
-31
-40
-3
-26
-3
-17
-19
-25
10
6
0
-22
20
2
12
35
-19
3
20
29
24
-1
10
-12
28
6
15
17
-50
5
14
-8
-4
-19
4
59
