11
70
-100
-26
4
58
-11
80
62
21
45
-64
35
-132
17
10
-49
-94
-9
6
141
-5
25
63
-43
7
-160
6
38
30
37
45
156
39
130
35
74
-18
87
181
12
-6
88
70
73
-21
4
80
-43
-2
-93
25
73
19
48
-168
70
20
53
-24
-41
85
13
-31
45
20
4
93
1
-26
23
11
104
17
-76
27
-32
-57
0
-42
-16
-123
-67
23
48
-79
98
-13
76
116
37
48
8
3
-19
159
166
-33
-19
-82
85
67
52
-31
16
137
1
-19
-19
64
-98
2
58
94
9
70
-27
-59
46
-12
-5
-37
-33
34
99
-8
-1
-56
85
-65
66
-76
17
68
55
96
169
124
-98
71
-27
-4
-22
87
145
33
-10
77
61
41
38
70
-46
-30
-106
43
-5
-55
113
-50
6
171
34
77
32
-26
40
49
-10
107
-19
15
-92
-41
-39
-25
13
68
-81
0
97
3
-8
-116
-65
-49
-24
-18
38
65
83
1
79
79
-64
113
-79
-58
12
14
27
-87
-141
22
46
81
-1
51
-54
-13
38
55
0
54
-125
-67
-13
68
-108
-65
41
15
13
24
-138
34
-40
99
-82
31
38
19
36
41
-21
-17
59
58
70
2
-10
-13
-20
88
-4
41
15
-29
-29
102
-22
-32
113
70
50
21
127
16
94
106
54
33
-29
95
-47
48
-31
-99
-65
8
54
-12
79
-8
27
1
7
27
48
63
-43
1
-13
-68
7
-38
-23
-85
-54
30
-35
-17
-13
106
91
8
-1
29
-16
53
10
-49
50
-18
52
56
-17
13
4
76
-104
26
-41
0
13
-58
-14
-95
-9
66
4
102
-48
75
-3
72
81
-34
13
-26
3
-100
-1
-28
97
41
24
-46
3
-86
66
33
43
-41
57
-51
-106
-38
8
-4
-5
53
38
70
132
166
-14
68
5
130
113
28
24
-59
-9
-35
136
-36
-22
63
66
-21
45
28
12
40
91
59
52
-17
56
38
7
-73
28
-7
-29
23
5
87
-10
-34
75
-100
-56
131
-49
-102
-9
66
101
-10
-107
-24
-118
88
59
80
10
66
81
16
44
-56
97
42
128
82
9
7
-21
-24
88
-45
-109
-28
-101
-106
-30
-77
67
46
50
-29
-5
77
197
72
17
18
-37
19
-21
-64
57
28
39
-25
-105
5
111
-33
-31
38
77
-122
-38
46
-70
-31
-24
-34
-6
-111
91
103
132
-90
-17
83
-46
-10
-57
-93
-19
71
-4
29
75
2
71
-148
-58
-52
53
-57
7
-8
127
88
-17
-43
24
-69
-74
80
9
113
92
123
119
23
26
97
62
26
-37
-11
-68
68
-18
-77
18
-29
-20
-35
-60
52
-3
-29
7
-22
-26
40
94
27
16
38
-106
-73
39
-80
-56
-26
-34
-69
-37
-124
-22
-45
95
53
-39
45
-81
-102
-26
-1
-83
-150
21
-73
-30
55
39
14
-19
-120
101
35
8
12
42
-110
-101
48
117
-10
39
46
55
39
24
-28
92
-62
-11
29
-61
33
93
20
27
19
-85
121
52
-47
67
-15
48
-11
172
2
-100
122
-1
141
96
100
48
72
87
89
28
12
37
-64
-41
57
-123
-32
-123
18
-61
-79
-30
-9
19
-47
-109
18
-83
-101
-145
18
-97
-35
56
-87
-79
4
81
44
29
39
21
92
23
-65
-5
-55
80
46
-2
102
128
-126
4
-74
-102
-26
165
14
-13
-19
46
-62
22
-27
33
39
32
-23
-52
-37
38
-25
21
99
-18
51
33
-14
-1
100
-82
44
-70
24
92
54
-62
-2
-63
-52
-19
35
-12
-21
43
-88
16
-22
68
10
76
158
-59
-42
-13
-45
65
74
13
54
32
-77
90
69
34
-93
-27
14
-91
64
125
2
-19
92
56
-49
-32
17
-90
141
-11
0
66
-97
-120
-53
-74
-1
-41
-86
-14
98
17
-87
-2
143
68
-42
12
117
22
46
-6
-116
55
105
-9
5
25
46
-53
1
5
100
-83
-63
-120
43
-120
51
-19
-45
32
-55
7
-18
89
-50
-13
30
-9
22
-46
35
-43
98
-48
-16
103
67
-29
-14
-2
-2
76
-23
56
29
47
78
-42
64
-35
-80
-124
48
31
-129
110
29
117
-29
-26
64
-44
11
87
51
13
-89
42
-15
88
-1
-23
-144
5
-61
-35
32
20
-124
-89
-11
-16
-18
17
57
9
-1
11
52
29
123
-34
69
29
-89
155
-18
157
-72
-30
60
-23
20
134
131
89
-42
141
-22
123
43
-94
1
117
-81
-112
-48
91
-52
18
55
-100
13
-32
84
122
32
46
-50
44
-63
22
138
-173
31
58
2
-17
77
-68
-26
125
85
-50
-54
29
53
-51
20
-85
-101
28
-12
50
7
-37
26
13
35
-123
51
56
21
-9
-15
-116
82
-18
-7
-157
-95
-13
90
-20
101
-40
-12
24
21
61
123
-93
47
59
68
91
60
-40
-14
42
-80
16
84
-21
101
-11
31
73
38
9
158
67
-40
-3
22
-78
-12
-14
76
-67
-48
86
-28
-19
39
-64
8
35
-3
-57
52
-52
-80
-9
93
79
17
218
97
-36
-1
13
131
111
-30
-38
144
46
24
-8
69
89
-71
-3
-44
-25
83
16
-33
-1
-45
-16
-53
99
9
26
-91
-78
-5
68
-6
89
74
31
43
-66
-7
48
86
-58
80
10
30
-8
37
198
44
145
62
12
5
27
-96
-30
125
62
-51
-57
-34
30
79
23
16
11
-79
-5
-34
-45
77
-60
-104
15
-25
-12
-29
-25
82
76
-15
85
5
76
7
-68
5
13
-103
48
157
80
-11
21
-117
-30
-23
-75
88
35
43
-42
8
88
42
99
102
28
22
-10
-11
30
121
-8
24
18
13
-19
-31
-36
30
12
-68
-49
25
-21
-58
-18
-75
-30
80
-50
13
-88
67
-32
-28
115
98
53
-1
72
141
21
-16
-73
1
52
-125
-54
34
-5
-78
-105
-38
-22
33
-46
29
12
87
-118
-128
57
109
61
31
42
-57
-42
86
-49
-45
130
-8
-79
-62
-59
-148
-42
63
-22
14
-58
5
12
-36
53
-70
31
-19
-34
-98
-20
162
-6
170
26
116
35
-3
-126
37
110
-75
65
-102
-28
152
31
-16
148
-39
-55
31
-16
43
89
1
96
65
-12
66
-43
-55
-71
-137
66
31
-26
-171
-16
-80
29
195
-20
62
51
74
6
-11
111
29
-137
-74
120
62
-97
-34
7
-20
49
64
11
25
-50
-30
-50
-12
31
132
-48
56
49
21
41
23
-37
28
-6
-72
-85
-146
-165
51
-71
13
-42
-83
-7
51
106
-103
27
65
6
12
64
-78
25
3
-8
-20
-173
-61
8
28
44
-45
1
-58
-34
-44
10
33
-86
13
-15
-4
-1
7
-94
-47
-105
11
-2
-49
102
-53
74
-32
29
-17
84
40
52
13
-68
65
144
-17
48
15
-47
-77
1
52
17
-82
-53
-11
108
51
87
25
54
17
14
44
37
-20
-51
31
10
-24
35
-14
24
-4
70
10
71
-9
-88
-3
171
-50
132
-2
-21
-50
-103
-13
45
-40
25
99
-69
78
-159
16
-21
35
30
55
-12
-24
-22
25
37
1
50
-69
62
10
-13
-17
-57
25
11
42
-98
-15
77
61
-9
148
57
30
-6
10
-1
13
-7
108
-16
-44
5
-5
-55
100
66
-56
15
42
-49
-49
-88
-8
-31
92
6
34
32
0
-24
3
-44
3
-127
-51
-40
43
28
-2
56
53
-80
58
-17
47
-11
-64
-29
29
9
-54
18
-81
33
-52
-32
-47
-88
89
124
169
-49
-84
101
-19
1
-32
-12
-69
-26
-10
-85
61
168
49
-127
-81
-102
25
-72
73
46
155
12
78
-58
-70
38
-54
41
155
79
131
-30
-140
-23
5
-47
-133
-81
-87
-137
93
37
168
46
-164
-6
127
-50
23
1
-26
-54
9
151
124
-53
27
-55
-62
105
70
58
16
37
47
77
61
100
-51
-108
86
-54
97
-26
45
-34
-15
50
-43
-12
47
-73
99
11
164
91
-33
63
-35
11
37
-33
-69
56
49
-32
-13
-26
43
5
-139
110
-39
17
-117
129
-5
10
46
0
57
-51
111
-57
-111
31
26
-58
-6
18
-42
-19
-48
-15
-38
-31
-10
-19
-6
67
-77
-19
-18
52
-8
57
-80
53
99
-13
33
-15
-73
-43
-50
-65
-22
77
-19
-5
-43
-90
53
-31
-4
-14
92
-32
25
28
43
-25
-75
-23
31
8
-27
24
163
4
20
94
147
-55
-16
-35
40
132
74
97
54
25
22
42
-96
74
137
-56
10
-25
67
93
47
-143
-73
96
95
-135
-3
-72
12
74
-11
59
61
22
-97
-13
-58
213
-88
-61
-73
31
55
87
3
93
24
30
-17
70
-78
26
102
78
-19
47
-61
-70
115
-29
-46
-93
-75
87
-47
-75
57
-15
53
-42
-25
-46
44
82
82
31
84
87
-29
-70
29
-10
-47
3
-32
39
58
22
-102
-39
46
176
-30
25
-6
-48
75
-2
-11
-31
12
-21
111
-94
-245
87
-31
-72
35
-50
-63
-28
23
-12
91
-54
240
0
-44
60
-4
3
-15
-26
-85
-28
-18
60
66
64
103
59
26
41
58
33
12
-26
7
4
107
12
-27
28
-99
24
46
-2
0
80
44
-19
-3
-91
-12
42
-5
27
25
-4
113
7
-46
-33
-127
40
-46
81
-37
28
74
71
-42
-22
8
57
-29
-74
49
-31
-52
62
-17
45
45
-3
59
89
-21
103
75
85
166
38
135
-91
29
33
76
57
-16
-7
-25
-43
39
-46
46
-88
69
-65
38
87
-82
41
-106
54
5
10
1
-20
-153
5
50
55
11
-23
75
-134
65
7
93
-57
60
-85
25
70
-84
10
123
-11
47
-113
-56
-28
20
41
-35
33
-5
24
23
61
63
10
-10
84
-23
12
-3
-132
-58
-1
106
-39
-27
-21
16
-99
47
-117
-47
-100
-20
28
105
16
-10
-6
86
-87
85
-8
-50
-14
0
101
13
115
79
153
-35
-30
87
-87
-12
-31
85
46
-74
-41
106
-100
0
25
35
134
-88
-13
-6
-29
-39
2
34
37
28
-56
-48
25
59
38
21
-37
102
27
-131
95
-27
-52
24
96
-44
74
-45
62
-57
-38
68
0
62
-4
160
-92
64
25
33
21
87
-82
-35
-53
39
-72
58
55
-95
-32
-144
73
-57
7
1
-52
-41
10
-15
13
-81
103
-5
6
46
-42
34
52
-9
-41
28
130
81
10
18
34
25
