6
-12
77
-119
-41
22
-20
-67
-136
-26
-123
26
-75
-53
34
-144
183
-140
-14
-20
26
-66
76
5
78
-79
3
95
15
16
-108
6
15
-1
62
21
-89
-37
11
0
13
80
51
-42
-96
-48
-23
26
-87
-44
0
75
12
-21
-69
-6
-11
64
43
42
12
-12
-98
-22
-23
11
-44
-6
30
-42
46
49
-5
2
26
-55
143
4
-65
-4
10
-5
-109
-2
75
19
-70
-63
-50
37
67
46
-47
63
-18
-35
-94
27
52
-8
12
44
83
23
68
94
-81
23
-98
41
-94
-39
27
75
-50
-71
95
68
69
-66
-19
2
-17
-64
-84
-4
-24
5
22
83
75
11
-18
-171
-130
11
-15
-15
-25
61
-5
-62
-26
67
-37
-41
-88
-65
-18
36
-81
3
20
26
-70
-77
33
-40
-9
-117
-61
-24
-2
-12
101
2
78
-13
26
-97
2
-75
-16
29
-54
-49
-60
-5
28
188
-42
-26
58
52
58
41
-41
-85
-84
-3
95
-102
45
-14
-180
-12
-71
118
19
24
-65
-18
-45
21
-122
-36
-47
-94
-13
-69
60
-131
78
-12
-12
-22
66
-11
-98
64
-1
-2
-38
23
80
73
-77
-3
1
48
82
63
85
37
28
-1
5
33
-98
32
86
-15
-60
-31
-87
125
-45
108
-33
-74
70
12
50
65
-23
-42
-63
41
-102
-4
10
-98
-129
110
-25
133
-6
132
20
-50
-79
-92
-48
-47
1
73
-14
-74
-57
34
1
-31
-41
-54
0
-56
11
38
-87
-1
13
7
69
-4
-34
47
73
9
1
-94
142
63
151
-68
-52
34
-1
-121
65
-36
12
-109
74
-39
-78
94
70
-1
-41
-11
1
-10
-47
-24
-44
72
4
-101
68
-71
92
-29
102
-18
40
11
-56
73
10
78
-36
-98
-98
-70
19
-115
-106
-93
69
-63
-113
-80
-11
110
38
-54
76
-16
-37
-77
55
-14
-36
-16
-9
-71
-94
73
-93
-58
92
111
56
43
-19
-22
20
115
29
-69
-113
25
-62
-13
-88
-52
-38
56
95
-93
-13
-34
-44
10
31
85
-63
109
51
-22
147
-38
-20
-2
-85
84
-34
64
-19
-46
-53
-31
26
5
-127
33
-107
56
-34
78
106
16
-75
3
2
16
-60
106
14
-85
29
70
1
-43
-10
-120
76
3
76
-14
38
74
45
-62
72
126
-17
4
-10
-98
32
-25
89
-109
46
-21
21
69
85
35
65
4
-57
-80
79
47
-30
141
-61
59
-13
140
54
-8
-36
-59
70
66
-7
51
10
-67
53
68
66
-25
-6
-42
28
-57
55
46
37
13
48
-141
43
-69
41
-24
7
53
26
-55
74
-14
-36
-107
32
22
-6
42
72
23
-120
69
-126
63
-91
-42
17
14
-80
-135
78
-103
-91
154
-112
-26
-150
-19
18
-44
-54
84
115
-71
-101
-81
-18
-5
89
160
43
32
-125
79
53
-83
-37
-121
38
-54
127
-109
-122
51
-40
126
-4
-20
-48
62
-99
-52
-34
80
1
-37
-45
-15
-51
-11
32
-37
117
-2
106
17
13
82
-58
-31
29
-106
-41
114
56
12
-34
-145
46
-76
-86
-58
-71
35
-39
-8
-82
61
92
27
-48
37
-103
-42
-20
39
20
38
9
-60
101
167
138
-115
-107
15
5
-63
-46
-110
109
11
6
4
45
43
26
-81
-90
70
-4
-53
-6
41
39
75
-49
107
114
27
35
82
-93
-23
99
10
1
-82
74
-1
30
84
79
20
26
5
107
-130
-15
-1
-63
-60
-114
-126
-9
-44
-11
-65
-53
20
-41
121
-29
-43
-18
42
-17
9
31
-123
0
-22
-77
35
-2
-90
19
133
23
26
53
-47
114
50
-49
-24
32
-68
56
62
-8
29
14
-43
-26
-47
6
-106
-46
-37
-42
-145
6
76
-114
89
-30
25
23
30
67
-19
-14
51
20
-17
-35
-31
51
29
-120
-66
-7
49
14
61
24
-24
-8
-39
55
-26
1
-22
74
-91
140
68
-109
52
61
-15
66
-115
-5
54
24
35
27
-78
68
-7
-44
10
60
-18
-43
-11
-82
104
123
-9
-51
8
12
107
-43
66
-35
52
39
90
-66
-99
68
68
170
-149
10
35
65
-59
-149
-24
2
46
-11
28
-22
-20
80
25
50
4
-15
42
-3
-27
-34
2
-17
-43
155
-31
62
-135
2
-111
-81
-46
84
-28
38
79
-53
4
-5
-66
-34
-33
-26
-18
-26
-10
39
-40
-7
-174
-100
134
28
13
-70
48
-168
-96
6
36
-13
-88
69
56
12
102
-96
9
43
-73
-29
-2
-53
-76
-25
-11
-6
-17
13
4
58
-15
84
-11
-3
34
22
45
-43
-17
-9
-93
-57
-17
-114
44
-26
34
-20
34
75
155
-26
-52
5
22
68
60
-3
7
-11
-18
-35
-89
50
-43
1
-85
59
-2
86
-61
-73
-83
50
82
25
-3
3
28
-65
30
16
-4
5
-21
-110
-17
-89
47
-67
-22
1
-120
-90
-96
84
-19
102
-48
2
-59
-133
-77
-73
-65
40
-130
33
48
-15
-105
2
-167
77
86
-39
-95
142
-143
48
-27
-25
-10
72
84
-100
-40
-20
-12
182
28
-75
42
140
-67
-34
-162
-23
31
51
62
26
-129
41
-114
30
26
-22
-26
-53
-33
3
91
118
-37
-84
-14
-46
-15
-60
-49
75
-41
-28
-40
23
56
71
-31
-86
-80
-19
57
-45
-15
-89
-20
50
-68
-19
-42
4
167
-34
32
-74
84
54
54
29
40
-42
22
-27
-95
-27
24
-24
-55
-3
37
28
-62
0
54
24
-40
-75
55
-4
68
3
66
13
-61
-32
-43
55
33
67
-39
32
73
24
-8
-16
37
62
31
-6
-41
58
-50
-86
57
-22
-38
-50
1
-4
71
31
-86
-26
-107
47
7
-10
-53
-6
-21
107
-32
99
-5
116
44
14
-7
-46
-82
-188
44
-78
48
-40
-22
51
42
-14
8
-26
29
-35
-13
56
67
-51
18
81
114
-34
-14
16
-132
-135
-19
14
-10
-93
27
47
113
-32
-40
-63
89
-116
-95
-21
58
57
-60
-23
50
-10
-41
-85
-1
-32
-87
-76
107
68
-7
55
82
27
11
-83
41
-10
-145
-60
104
20
-61
33
37
8
-100
0
-79
138
-2
-24
11
-95
34
14
-69
17
-20
74
9
36
-72
67
47
-55
32
22
29
-121
42
34
0
43
-71
-16
-31
8
31
90
74
13
100
-68
15
5
16
-60
29
38
40
63
35
163
-85
26
-63
115
15
114
69
-41
57
-42
-71
91
-43
26
-47
-125
-125
-49
53
-28
-17
-31
-21
60
47
-80
0
-27
-15
99
98
27
-80
-18
97
40
13
21
-62
-14
95
-90
50
-1
-37
-7
-34
86
-47
96
-41
-55
11
-57
96
-27
3
10
30
86
-37
47
-15
102
72
-21
-85
-209
-7
130
-43
-22
113
-74
44
6
63
53
-49
-120
14
-5
-118
-2
112
-94
-82
68
20
-97
-13
7
-8
29
43
182
-38
-39
46
65
43
99
-37
-148
95
-55
-96
-3
-33
-1
-49
11
24
-54
93
-176
31
37
-70
98
6
39
-48
-37
-27
-42
105
79
-28
-36
24
-52
-205
110
92
88
179
-14
29
62
-40
18
72
-54
-57
98
38
-46
50
-109
-25
90
25
4
-34
-13
-23
-52
135
93
-48
56
8
32
86
17
-101
95
47
-32
21
-36
-98
-53
26
35
8
-39
73
64
-6
-6
-105
-52
46
-10
-53
116
-9
59
23
29
-17
67
231
58
152
18
73
-37
61
-19
40
31
3
-15
-56
49
-61
120
-23
31
22
127
-7
146
-84
83
-30
-88
5
-7
123
159
34
-37
-7
-7
-51
151
-68
12
-48
47
90
-20
177
-16
89
69
121
65
-27
-104
0
-59
-11
33
12
-9
72
42
-26
-43
-20
1
61
-116
-9
-41
-43
32
31
107
-5
-38
-57
48
15
-51
83
-2
-60
18
-36
29
-27
21
-45
-12
-41
3
50
-88
65
21
-19
-51
-166
-50
-66
28
151
68
-11
39
63
73
39
66
-56
79
-11
-3
-67
83
-2
32
73
48
17
-29
47
0
-5
7
-54
-18
-70
-125
-23
-114
98
-84
42
-14
140
91
75
85
57
28
-94
55
21
43
-88
24
60
108
-17
11
-44
111
35
-1
32
-161
-39
29
-30
-73
126
-31
98
-36
42
-43
34
-8
15
47
7
52
-50
-12
112
-108
-126
-30
-47
15
95
-11
-41
105
7
-18
42
-68
-163
-67
-121
-88
64
6
-92
-1
-44
8
-41
12
-103
40
44
-65
-55
114
-25
19
74
-53
112
-87
14
31
-2
56
-61
58
-60
-94
29
-22
-44
104
81
49
14
-85
-4
-44
129
40
-105
-23
36
39
-10
19
74
76
81
138
-83
61
-29
-79
-178
26
36
-204
99
90
-11
40
-70
32
-43
190
9
29
-76
50
-42
-99
-25
-87
53
-52
25
-126
-47
-36
-54
22
-34
109
-126
9
-48
-145
-36
42
7
102
75
84
151
10
89
63
92
-25
39
7
-29
-56
-73
2
-33
81
105
62
-17
20
-5
-43
-38
-36
-15
-69
-30
-146
-74
-7
90
94
-89
-51
-54
-83
61
-113
-18
-6
-13
111
71
-31
-64
24
-68
93
29
43
30
-96
-70
121
71
-65
7
-78
75
-67
-135
61
2
129
-179
-46
-46
33
65
87
10
140
-77
3
-10
-24
-59
-4
-61
-92
201
-20
-74
59
-92
20
25
74
20
17
102
-132
119
19
-38
-11
-21
-21
-18
32
29
-79
-26
-182
5
-95
-1
-134
-53
7
-93
-29
-54
-70
6
-18
38
-53
41
110
-7
-27
-88
54
71
132
-7
140
-61
11
-89
133
33
-29
-25
-76
-24
-16
-34
19
-52
12
-64
94
-9
24
75
-39
40
-15
9
55
-104
142
26
-50
26
-2
42
-32
21
-23
48
20
-17
-46
-67
-82
2
-47
14
-49
-20
-150
65
-2
18
-108
-16
6
0
6
65
67
25
-28
32
155
-115
-41
-59
-60
-4
134
-128
-61
11
38
-71
-33
53
-55
-70
-168
-3
84
-9
137
92
-15
-82
-5
-22
-25
81
27
-103
-65
-60
20
48
48
-67
-22
10
37
47
-110
-19
73
26
36
4
18
-5
-66
-76
33
56
76
5
129
-38
103
13
98
62
-6
36
-78
-78
-39
-11
105
-21
-101
4
-62
126
47
-16
46
55
3
-38
-52
-96
-11
-129
101
-124
-37
-25
8
-28
-13
-8
-44
84
49
-19
0
-94
-7
87
4
-29
-86
18
-38
-46
58
122
-35
-59
-22
5
-7
23
-42
-40
74
52
