-6
32
2
18
-11
-18
13
-30
37
-43
-13
41
18
-26
15
8
-11
22
52
-10
-9
51
-19
-17
9
12
13
28
-11
-32
17
-10
-9
22
-4
-23
-5
-15
38
30
-10
-23
-2
12
-21
-10
-4
27
39
28
0
-14
22
-21
24
-20
4
-1
42
3
27
-11
23
22
-14
-43
35
-4
23
-51
32
20
23
33
12
31
20
-16
-7
11
-3
24
8
15
23
23
17
20
-9
15
41
-28
-22
23
-23
19
22
9
-14
13
-21
-19
-6
18
-11
-13
22
7
52
-7
-5
-13
-9
-6
-4
26
-7
3
28
14
7
24
-6
1
-34
-31
-12
37
1
6
-10
-25
5
7
-17
33
66
3
41
-23
14
-17
-39
42
5
-7
18
-14
-18
-4
-13
21
2
-49
-18
-33
-49
26
-20
-9
-15
10
17
-7
-54
33
27
-1
6
-16
-32
-28
-26
36
-9
-37
-12
3
-22
-43
-18
19
-22
-26
48
-34
-4
13
3
13
55
-18
-9
1
-3
40
17
0
3
36
-4
-25
-18
-61
-8
19
-3
39
41
-4
-16
18
1
-25
-71
6
34
11
1
29
23
5
-10
26
-12
1
-20
38
35
9
1
-64
-4
5
-16
-14
44
13
0
18
13
-8
-16
23
-16
-12
20
61
-33
5
9
30
28
-27
-2
-6
-7
2
22
17
-6
5
44
10
-19
-10
9
32
11
-28
-30
-19
34
4
9
-18
16
11
4
-58
4
-15
13
17
-5
1
-12
-44
11
17
-17
5
16
-49
-3
6
25
37
-14
-36
4
-2
7
17
-18
23
-3
7
-1
-29
15
9
23
24
16
2
-11
-3
4
34
-19
-3
-3
-27
19
4
15
-10
37
-9
6
-51
-23
5
-38
-23
34
30
-14
-7
-15
40
37
-18
-10
-35
-18
37
4
23
-14
4
8
37
31
-35
-22
45
5
9
17
3
-11
-17
16
18
-35
-17
18
-34
-43
-61
-5
-15
35
8
49
35
-27
-14
-6
45
-36
30
-24
0
-16
6
5
-8
17
-43
-4
-20
36
-28
16
32
-29
46
6
24
-17
-28
7
-16
33
-16
0
-6
11
13
-36
-20
1
27
-15
23
11
-24
-3
-39
-10
43
2
1
21
-42
-5
-11
9
42
2
16
43
28
-40
20
-67
-27
54
-17
37
-39
5
35
11
-33
3
5
36
-12
-8
-15
16
-15
-32
33
-7
14
27
-51
9
-27
7
-18
40
-38
8
-13
55
-5
16
-29
-17
-13
-28
36
18
-6
-16
31
6
27
-8
27
3
-3
-16
50
-8
-27
-8
-14
14
0
36
-2
-13
18
29
35
-4
36
41
-16
12
-6
-16
-9
16
24
-34
33
-34
-9
-3
-18
21
13
17
8
-30
-2
-10
6
31
-56
-20
-3
-6
26
-61
-28
-3
29
-8
-19
52
7
-32
1
9
28
19
47
-6
-68
11
10
-9
44
21
26
-14
-21
29
16
-1
-2
16
14
29
19
51
18
-7
-40
-39
8
-24
1
17
-8
12
14
26
-28
12
9
-6
38
50
11
-6
-6
-8
14
52
-34
33
11
28
-33
-11
-12
11
-11
4
-6
-7
-18
26
28
30
21
33
20
17
43
-26
-35
-9
-34
31
-12
3
14
-21
-1
-22
17
-46
-35
-26
12
-35
14
-26
-11
-17
3
-41
-1
-22
-24
45
21
7
7
41
-6
-3
28
5
-14
10
10
-17
5
44
5
-49
22
-25
12
36
-13
-1
-2
-12
-6
9
-14
34
23
-7
-18
-13
-5
5
29
-21
3
30
33
-20
-1
14
-22
-28
-16
-37
3
-24
1
27
31
-2
-33
4
14
-23
-42
-16
29
2
10
26
-46
-3
8
-17
25
0
-15
-15
-27
-1
-3
-7
-32
-26
3
35
-19
33
-4
25
-42
18
-32
13
6
17
-6
11
-20
-24
29
15
1
2
11
2
16
-7
-13
13
-48
41
-29
-6
13
-51
3
40
-35
-15
-15
-1
-17
5
-3
2
53
10
-33
4
-34
-14
6
-39
-21
57
-19
4
4
16
-19
-10
-30
9
-6
-21
-6
20
23
-29
0
8
29
4
6
-3
-51
-15
-24
-12
-2
36
37
-33
8
-45
-28
32
-9
16
2
-14
-51
29
7
-28
4
16
84
-13
-28
-24
55
21
-24
-7
9
11
-9
31
-18
1
-18
21
-12
-41
-6
-12
-19
19
3
61
-39
3
-47
16
22
9
10
-34
12
32
-25
-12
-18
-21
8
25
39
10
-37
14
-20
-7
2
14
4
52
20
11
-44
23
-44
12
-7
-10
-4
-18
3
-14
56
-21
-13
-22
-5
18
7
-9
-4
14
-23
17
-25
-12
44
35
-52
7
9
-28
-1
-5
-30
-2
17
-31
-22
14
19
-27
28
-22
10
-18
-2
-45
-12
2
10
-12
-10
-19
-9
-45
19
-13
9
-15
-9
-19
2
-24
36
27
12
26
-8
-13
9
4
-12
-38
23
29
-2
48
25
-11
4
31
15
31
5
-5
-21
-16
37
-37
7
-3
-49
26
-51
20
-15
-36
-21
-47
19
-19
3
22
-35
-30
5
-40
14
20
35
24
9
-30
45
-43
-17
-11
15
-7
20
-13
7
-8
8
2
11
-7
15
-11
-8
20
-10
-42
10
13
17
-32
10
-33
24
53
-12
-35
-6
34
-7
-25
33
-16
21
29
25
41
-26
0
-53
-3
-36
-10
14
-23
-2
-33
7
44
-16
-23
37
-11
5
1
-12
44
-10
9
11
3
15
-16
-3
-17
15
-8
-17
-9
-24
23
69
24
-9
-13
-6
-12
0
-10
-32
18
20
16
7
24
17
-29
-25
-1
-13
-1
-26
-1
-29
-27
16
18
23
15
14
-24
-1
48
-28
35
-21
31
16
-7
16
28
0
9
-22
24
-27
-10
12
-34
-11
-12
3
43
-16
-3
-24
-38
23
-25
-16
11
-43
35
-24
-37
-40
1
-50
7
-8
-27
-34
-46
-26
-29
-26
-6
12
-2
15
-21
27
12
-21
15
-20
28
8
-13
-5
-30
-18
-14
-5
17
2
-6
19
8
-31
-31
-17
14
-10
6
1
28
69
23
-8
29
-37
5
23
-13
-45
-2
-9
-3
-2
-8
3
5
-25
28
62
-13
61
13
-7
2
3
20
21
36
30
39
-7
-9
10
36
2
-4
0
-3
29
8
-27
28
-10
40
-14
-44
22
3
22
-31
-37
4
-23
16
-41
-4
-31
-40
19
5
-13
-29
41
34
23
-26
-22
4
63
-47
-37
-19
-5
15
28
15
39
-30
-11
6
-15
28
25
7
-1
-51
6
-59
51
5
-14
-28
42
-18
35
-22
6
10
-1
-27
-19
40
-35
2
34
40
-5
0
-8
-11
17
14
-36
0
-30
34
-34
41
-16
39
-5
4
12
8
-36
-44
-2
34
8
-21
-5
12
-2
6
6
-31
-15
-23
34
-24
-19
-21
11
17
-33
-18
-28
1
8
-23
35
35
8
9
6
2
30
27
-8
-22
23
4
-25
-8
23
15
17
-7
-26
5
-47
25
2
-10
-28
-20
-9
12
-20
38
6
-43
-36
-19
-46
-9
-5
-37
-38
17
23
31
-45
55
0
19
-10
1
-9
6
1
-2
-17
15
-5
56
29
12
8
-24
-5
-14
0
-2
-21
9
25
53
-21
12
-7
3
10
27
0
-33
-2
-6
-2
-21
23
44
27
9
14
18
23
58
-23
-24
-1
-38
-7
3
25
-17
-14
-7
-37
23
-27
8
15
-38
9
-4
12
-34
26
13
-2
-9
35
34
-6
0
8
-35
-71
-47
-16
23
10
-27
21
-40
6
-8
25
-4
9
31
6
37
-12
13
-8
3
2
66
-6
-8
-4
47
17
38
3
59
13
-16
-18
0
9
13
-25
28
17
15
23
5
0
4
-9
-18
1
-12
-16
-2
-2
35
-20
10
-38
-55
20
25
13
6
-5
-15
-7
-35
7
25
-18
28
-3
-67
-15
17
24
19
-21
-26
-28
30
-9
-18
-24
-6
-19
37
2
-32
17
44
-17
-12
-23
21
-22
-6
-60
27
32
-15
2
9
-17
-40
40
13
24
-63
-57
-20
10
-1
24
24
31
27
6
-5
37
-30
3
-8
-33
-11
22
7
-18
19
33
-23
21
2
10
40
9
33
16
1
2
-32
7
39
6
15
2
-11
11
-15
20
-15
15
-38
-11
0
21
45
-8
-43
8
-6
-27
-31
-38
6
-47
-7
-12
21
18
-27
5
33
-1
3
-2
10
-26
14
19
47
-55
1
12
22
6
-6
6
4
-5
-22
-10
39
47
-30
-40
36
-28
-14
47
15
37
-8
39
43
-54
11
-43
14
9
5
-32
-10
30
-37
41
-5
19
8
-26
-39
-9
-2
-9
30
-13
5
2
-19
-17
16
-30
19
-5
-19
30
28
-6
-19
12
18
-4
-27
18
21
-20
19
7
-8
-22
-28
8
-25
5
1
11
-29
-16
-2
16
-24
12
-8
6
-33
3
21
-3
-24
16
-32
-16
19
-27
7
2
-40
-3
-77
18
16
-33
27
-8
9
-7
-39
-29
11
-2
17
-16
47
-26
22
-15
-18
-4
5
-22
10
23
-24
-14
32
8
15
-14
29
-2
-16
-1
-6
20
0
20
-31
-23
18
-9
-38
14
-16
19
24
19
1
0
15
25
19
12
45
-41
-31
-7
-37
-14
13
22
28
18
-2
-2
-40
5
-6
6
-12
-53
12
-9
-11
-7
-34
18
-12
-11
-1
9
11
2
10
-35
-29
13
-1
7
22
63
-36
-11
0
32
19
-41
-8
41
-37
28
5
-34
35
14
18
-31
18
2
-27
11
3
6
-59
-21
-8
5
-31
10
-13
-27
-46
-41
-23
-8
14
21
-9
22
80
-34
7
41
24
34
7
-39
-71
31
10
-21
5
10
12
10
30
-11
16
-41
7
15
-12
2
5
-22
-1
-29
7
-2
13
-3
39
4
-24
-43
13
-41
19
-13
42
15
-7
-15
-24
-42
-21
-12
-34
31
13
12
29
65
16
-18
-8
7
-20
10
-22
12
8
16
12
12
18
44
40
-4
-12
-19
6
-7
51
58
44
-22
-28
-34
20
37
26
25
6
47
-2
26
-4
-23
-5
45
-2
-1
-29
14
20
-13
-8
-29
26
0
46
7
-55
-8
-2
-17
2
-22
-15
-9
6
0
8
-1
39
12
50
40
28
-19
-38
21
4
-21
-8
39
15
-33
-7
-6
-6
-11
25
22
-13
-11
-35
25
0
-40
30
-40
-16
-39
37
-41
-23
8
5
-7
-12
-27
-31
3
52
-29
-29
-5
29
42
-24
-26
-33
2
-15
-43
49
-26
-9
-16
17
11
0
-47
