36
7
-18
-3
80
-40
-61
-31
-62
-28
-36
15
-5
7
2
-15
13
-39
-34
-37
58
-24
-146
-73
-16
-38
-37
16
19
23
3
-48
-25
-15
-17
19
97
43
-16
61
-2
44
95
23
-88
-10
17
-24
97
-40
-77
38
39
42
-43
-1
89
37
41
-17
38
6
71
47
-37
-8
2
7
132
30
116
-21
40
-17
20
27
-64
23
-5
25
-29
-14
143
-22
-31
58
-4
-41
-36
41
27
119
75
71
-4
-38
-53
64
-24
5
48
-8
11
27
-19
1
38
38
11
-19
15
23
32
7
-30
35
53
45
56
29
46
79
38
-44
57
-23
29
-33
107
-50
45
-56
79
-6
5
19
-54
33
4
19
-10
23
46
-17
-8
-100
52
-14
-63
22
-23
27
55
26
29
17
8
-39
-48
15
142
-34
58
38
15
-14
-35
23
27
74
9
85
123
-74
-5
86
114
-14
-93
-9
-88
-64
49
63
-4
-25
2
-12
-11
-15
24
20
66
-44
24
-29
52
-33
37
80
-23
-41
99
-24
-65
-39
6
-28
-17
-61
-24
4
-22
-90
-53
-51
-46
103
34
5
-3
-30
-14
94
78
-39
-107
-29
59
-47
63
25
-41
-1
24
-37
40
81
-3
30
72
19
-47
-70
22
54
-19
-26
15
60
29
15
-54
30
32
-2
-69
0
-25
27
3
-27
-65
5
79
61
-17
48
-19
-61
-56
-16
-21
17
-3
77
17
-32
-15
1
61
16
118
-11
10
-5
5
-17
-9
61
-88
62
-103
-6
8
28
11
-77
-13
33
15
-61
14
3
25
25
3
-9
-7
-60
71
-19
-64
-35
7
-38
14
33
37
50
12
4
23
-54
109
-43
-12
-126
-75
-43
50
-83
-64
-2
-1
2
-36
146
-47
-19
37
-85
-36
-13
-38
59
-1
88
49
22
-33
4
-26
17
-34
20
77
106
21
67
-29
85
36
-17
53
22
-8
42
86
96
-14
-7
31
-49
8
17
-39
66
27
-29
-71
-84
-36
-12
56
-66
11
-48
34
-68
-13
-102
19
41
-10
-14
-59
10
-31
12
62
-34
-23
-15
45
-101
-78
21
-41
-34
-10
-144
52
-54
-26
22
-7
-8
-14
-15
58
-47
-59
4
8
16
71
-72
14
49
-46
-54
23
-79
-40
13
4
-9
-41
46
19
103
-47
47
-68
4
29
97
-12
-58
-19
60
4
36
-48
-86
-66
-35
48
-18
-25
55
35
-93
88
58
-24
19
-23
48
2
3
-10
-11
0
-4
5
-47
-11
-79
55
-70
-6
-30
-27
-21
18
41
-65
17
-70
73
-68
-54
21
20
-39
18
-45
48
-16
-38
-21
-20
29
77
-21
-36
-59
66
115
-11
-61
50
50
-21
70
6
-58
-26
71
-25
-61
-21
59
57
13
118
-94
-121
-58
44
-2
30
-35
-11
33
-29
-41
35
-66
-36
-9
-9
11
51
25
1
28
-66
35
18
-61
76
98
-41
69
77
-23
2
12
-5
27
-42
25
-35
-84
4
-32
-41
52
17
-29
-30
-6
36
100
-3
-51
-70
-39
5
-9
65
22
-69
56
-3
73
-99
8
-15
-102
7
-2
-54
0
44
57
31
24
4
12
-56
5
17
-67
25
-65
20
-15
6
39
-51
-52
-3
23
30
-51
6
-9
21
-99
-14
102
-3
59
33
127
10
16
-22
36
-79
-53
84
-63
14
27
-38
-48
-21
-29
-51
-142
59
-18
-28
-27
1
3
54
29
-11
23
18
-30
61
-59
16
-33
-2
26
4
31
32
-2
-34
8
145
-73
10
30
-85
-76
14
6
41
47
7
-34
-25
-64
-48
-59
74
31
-35
16
28
-25
-7
-7
-10
-89
6
-28
4
-34
43
-24
1
-92
-90
-22
-12
-10
49
-2
-56
47
-14
29
-79
67
-2
51
-77
5
-69
-52
-80
12
-36
-48
-20
1
1
-29
-46
-24
-70
-30
-23
14
-53
-17
-3
-27
85
-22
5
-41
-1
-77
-45
-47
7
-12
30
-15
-19
-15
-100
5
56
52
2
-30
6
-17
7
-18
-21
34
47
-42
-49
16
105
37
67
-51
30
-6
-27
24
38
-32
-34
6
88
-69
-70
-50
107
80
120
49
-88
-43
-8
59
1
29
51
6
75
84
38
-33
-2
67
-40
36
54
-80
-31
-7
18
-11
23
61
4
-68
-55
-9
16
8
-11
-73
7
-11
17
93
34
161
62
26
3
-100
18
91
-29
-33
11
21
-1
35
-23
-5
15
115
51
-33
29
-15
1
52
-23
-5
-3
-19
78
-150
1
-26
-22
33
-33
78
71
-28
19
-10
34
-9
-38
-49
1
27
45
-43
-14
86
48
-44
5
-17
59
-62
29
-35
-58
-55
-97
-26
-2
2
1
-8
43
37
-20
14
139
-82
6
-28
-45
-19
-4
-6
10
-24
13
-73
-28
-23
39
-47
61
-39
11
-18
28
53
-3
15
24
-9
-44
63
3
-7
20
18
26
-33
13
31
-29
-15
1
-69
-15
26
-62
-17
88
-27
12
12
62
-68
-18
25
-4
41
-56
-132
-71
-12
-46
-23
-35
2
11
-50
-23
-5
31
-79
55
-6
-42
-45
43
-44
-41
-14
-12
-94
-53
-47
-17
56
20
23
126
25
15
-56
52
-4
-32
21
-35
-38
-72
-138
16
-29
55
-2
59
-36
-27
-44
80
-17
94
-53
127
17
52
66
-25
51
38
73
50
-17
-1
37
-33
-25
-24
0
-78
39
-6
5
12
-91
80
27
-18
-28
-21
43
-36
-48
3
25
5
7
3
5
33
10
-20
5
11
17
-28
-32
39
-36
42
-18
4
40
10
-24
-55
-33
-99
35
-11
-84
108
74
-49
96
13
49
-69
93
19
11
56
53
-49
-5
-4
26
-6
-75
-50
7
63
5
-9
16
37
20
26
-59
106
9
2
-91
68
13
-27
48
-22
5
-108
-24
29
-37
-26
31
-44
28
-67
-1
30
18
78
-23
4
-2
-39
-20
28
-28
26
-5
-32
-4
-26
-128
-7
47
-55
75
-52
-76
14
79
10
131
2
-37
-74
-84
18
54
1
73
-6
-68
25
-8
18
-38
-4
7
-15
19
-16
7
-34
11
-6
21
75
39
-61
46
-9
12
-28
26
15
-50
-63
-61
32
25
-16
19
34
-1
62
-30
-42
-109
41
-100
54
79
-47
25
-42
-6
80
-13
44
-123
-41
-63
-39
14
11
10
-63
-72
10
-15
63
29
77
60
56
-73
-33
8
-24
-65
32
55
45
-43
61
35
59
31
28
26
-47
-40
-48
-2
-96
-17
-15
45
24
7
-62
-50
25
34
13
-4
30
-37
14
-47
-26
12
-91
32
-5
73
-30
-45
-65
141
-49
70
-13
-20
110
-18
57
-85
-42
-59
88
-17
28
-42
-83
29
-71
56
-26
-2
-8
-57
6
-15
12
74
31
-16
-33
-59
158
52
-6
41
-97
24
25
-67
10
-25
11
-107
-11
-20
27
57
-12
-45
-1
8
18
-37
-71
9
53
15
-33
56
-53
-50
66
13
-39
-23
7
-22
-70
-36
-139
50
-3
145
73
-22
-25
16
-10
47
7
-27
60
17
32
41
0
-8
-25
-16
-19
26
140
-26
-9
-45
9
-22
-45
-92
25
71
2
49
-67
-29
25
-29
43
2
65
-46
-46
-38
20
-72
-50
60
-92
69
-12
43
55
8
11
135
67
4
-15
-19
25
-20
38
15
85
-57
37
41
-59
14
96
-44
-81
-31
-6
-12
-14
-159
58
-11
-52
-56
36
12
-2
31
3
-29
-9
-50
-12
53
-121
-118
65
-3
33
-87
61
-88
40
60
65
-24
-23
-82
-145
-62
63
40
-4
56
-79
-42
-25
-99
-58
49
-59
-67
31
-70
20
89
39
-4
39
12
-23
15
-3
-47
40
32
10
-10
-81
39
65
50
-71
28
-43
-3
-37
-71
3
-82
6
10
44
100
17
12
-4
18
81
-139
89
-15
27
-6
-9
14
-22
-10
93
-97
-8
112
-10
22
31
-1
-101
-75
-41
20
-19
-46
-16
25
60
3
73
87
-4
-34
-30
-33
-7
-72
-15
-39
-67
25
-53
-34
-29
-28
13
4
67
-73
22
-61
98
-15
57
9
0
8
-90
87
44
25
-12
18
44
6
-3
3
26
-48
-51
3
22
-122
21
-36
-57
13
-7
52
-56
18
-32
-27
-29
-110
34
86
-45
66
13
17
-60
-48
-32
-142
35
30
89
-104
-113
79
-1
17
-19
17
9
-119
25
-12
51
43
33
-82
15
35
47
-50
65
-32
-35
-22
-46
-64
43
13
17
-19
14
-92
22
41
-35
4
47
64
-63
-53
-4
-75
-91
-72
0
52
-14
-32
-53
-4
-131
20
-41
-40
49
-25
-40
10
54
-17
-27
25
-29
2
68
-23
64
6
19
61
25
-18
-34
-11
-13
58
-16
37
-7
-46
43
-11
21
-51
-129
80
97
-2
29
34
34
-13
1
-3
28
-66
-5
47
56
137
-11
-53
34
19
32
32
49
-30
-12
-72
-9
-14
-99
-3
37
-20
119
61
3
-28
70
-72
81
-22
-128
-39
-22
39
35
77
45
-33
-163
66
-6
55
-11
-4
-19
-116
23
53
-49
-42
-96
29
-40
29
-148
-22
-59
9
55
-102
-39
-7
-20
-28
55
53
30
0
-33
44
-64
-42
28
102
25
-23
36
3
-20
-14
22
-48
83
25
-28
80
28
-20
-49
38
-47
43
92
-4
55
47
32
65
-37
-25
136
-30
81
-77
-59
28
-22
8
-78
-38
-45
-14
-11
-49
76
47
46
6
-31
-63
85
26
62
-77
-23
-52
8
-12
-46
50
-66
24
53
35
1
48
35
11
-28
-64
13
71
-19
-44
115
-66
-16
110
-81
-14
-3
-19
-76
21
37
55
-117
72
32
16
-16
-29
-3
24
-134
-23
-50
-2
36
-24
-21
-32
46
-14
-33
-2
-9
-161
-57
22
10
95
-14
78
73
-27
-5
16
-63
-42
10
32
-94
43
-29
-21
38
27
-20
4
-9
-48
-203
68
-31
3
8
55
-57
36
49
35
79
9
24
42
1
-18
9
-81
-90
19
15
9
-17
-67
-14
-18
-89
11
-22
0
33
-19
15
14
49
-27
14
-39
63
-36
17
43
90
0
17
17
1
-33
7
-17
-56
-41
12
23
-11
-66
17
28
29
-25
11
81
-85
-45
36
52
-1
-29
26
-105
72
56
-5
-31
51
-68
44
45
-20
53
-37
-75
1
-54
-25
-42
-58
-61
-60
-62
96
-21
-93
-39
-49
94
4
-10
-92
4
88
-35
-46
-1
55
-13
15
-37
82
39
32
25
-7
63
113
53
-11
26
-56
15
104
-153
-6
-85
30
-9
-136
-42
-72
-14
13
10
75
68
51
62
-30
-11
-9
37
35
8
43
-42
-41
15
40
32
-38
30
-51
-49
-23
-17
36
20
40
-21
61
20
-42
134
-6
52
5
-34
-7
83
-6
0
23
-37
25
-25
-1
-53
56
-13
38
12
7
-18
21
33
42
-36
2
11
-32
60
33
115
-14
80
25
-11
87
12
-27
44
-9
64
-6
-59
62
59
6
-23
40
-69
85
40
-50
91
-35
32
-41
-29
-22
115
66
-8
31
-42
66
-55
-75
-36
-54
46
64
-10
37
97
30
-5
31
49
-39
30
-32
29
-40
30
-7
-42
10
83
-9
-35
30
70
-1
103
64
16
8
118
22
-63
-15
-12
-93
83
47
12
-32
-15
-46
62
55
-76
-80
-6
-78
16
41
39
36
2
-12
-54
21
-25
64
84
27
81
-37
29
-68
-5
-75
21
-18
-45
83
11
79
-16
-25
-6
-5
-43
-26
44
-17
102
13
-22
42
-47
-46
67
-2
-20
2
-4
55
60
-12
10
-27
-28
-4
8
-37
62
24
94
-29
-40
4
-28
17
-82
-10
-38
39
95
55
-1
-42
7
-46
67
-9
-19
31
62
-47
16
124
-53
100
32
-24
-17
38
6
41
-16
12
29
-18
-14
-15
39
-5
29
11
39
-35
-65
-175
40
-83
27
-66
106
-13
-39
3
-31
7
-56
13
5
28
36
57
1
69
-75
56
-30
-18
-43
75
-16
-34
32
-14
3
65
-16
52
-34
-38
71
7
55
-37
20
76
47
60
66
96
-100
37
5
-5
-17
7
33
-8
-14
38
52
-58
-39
-97
-30
-61
18
-2
35
-23
39
39
-61
10
16
-1
-78
73
1
-22
65
-2
-17
63
29
49
-29
123
-32
-21
-34
-19
91
30
-40
54
80
37
25
-63
-2
73
-34
-71
47
78
17
101
2
36
19
-90
5
-53
28
72
66
-10
-68
-33
69
7
-46
34
6
-23
29
125
57
-54
-10
-70
-8
22
82
46
-31
-109
49
-15
3
-43
68
-28
-23
52
-64
37
-31
10
-39
-126
-63
49
-15
-53
35
-10
97
-43
48
-57
36
-22
35
-15
-10
14
97
-27
31
13
-3
125
-20
-7
64
-14
1
80
-16
-62
-5
34
-66
-31
-3
8
-2
15
1
48
5
68
19
14
-3
-14
11
54
-123
27
33
24
-25
-56
44
-13
2
34
18
-11
57
4
-85
20
-44
2
-19
47
30
3
-8
-16
118
-1
-58
58
-12
71
115
-3
31
-3
-48
17
19
4
2
-17
30
-32
-35
-32
111
-49
77
-7
-108
85
-28
7
-53
-2
-45
40
15
-100
-25
-10
31
50
54
-38
-29
-54
-12
-19
-87
38
-10
74
31
-67
-64
58
-20
30
40
45
51
17
21
-61
20
-59
21
54
36
-65
-47
-3
-3
-40
80
-102
-85
5
-7
17
-14
84
-12
25
7
-28
-94
-58
-44
16
42
-15
102
34
41
34
71
-30
-53
-7
91
-44
71
-8
88
94
20
-7
2
51
9
49
120
22
-13
-46
11
27
-10
54
-26
92
-87
33
14
-14
-123
-44
1
17
-12
-38
-20
-12
12
2
-22
7
-16
107
-33
-119
-4
46
-14
37
-48
43
86
-71
15
33
48
-45
-83
65
40
-9
17
12
25
40
-96
32
55
26
59
62
52
24
-12
43
14
-36
9
-21
-13
-20
35
-46
-2
4
104
-2
-4
32
70
40
-7
84
-56
6
57
-23
9
-19
-23
11
-65
-28
-51
27
-24
34
9
-29
6
-83
-30
-20
27
12
-5
-20
54
-18
-71
67
27
-53
64
-11
-26
46
11
19
68
26
-23
66
-62
-48
0
-20
48
-63
77
9
64
-9
86
3
-44
-119
-44
-72
-6
35
-5
26
31
-17
-64
57
13
64
5
-56
-15
-89
-53
50
7
-13
-34
-8
0
-37
117
6
58
-34
21
47
48
-47
-3
-69
-53
28
-14
-16
-26
14
-25
-56
-4
-9
-8
0
-119
-45
50
5
-78
-45
-29
9
-21
71
-69
73
-1
7
27
-52
-80
-17
-54
9
-12
52
13
36
19
15
-27
16
9
-11
58
32
-39
-32
-34
42
49
-64
123
-64
-37
-28
-71
45
-62
65
-10
24
25
-79
15
-121
30
-50
19
-56
24
6
-31
104
-4
-76
-26
-7
36
-7
35
22
9
-60
24
62
29
45
70
8
-45
-41
103
32
70
-64
-63
43
-24
44
16
-37
-16
30
16
-35
65
-62
-31
3
-21
-58
-83
-17
103
55
17
-8
-77
-41
6
15
40
-103
59
81
53
-41
-35
45
-7
16
46
-25
35
22
-22
-56
-21
32
-23
40
-20
13
5
6
-49
55
113
31
10
-42
41
-78
10
-64
40
-12
27
39
-93
89
-21
18
-16
-16
22
-41
51
13
-41
13
-81
36
-72
5
-41
33
31
-37
-20
29
47
-36
8
76
33
72
70
44
21
27
1
20
-91
-44
-55
-33
88
19
-20
11
85
79
81
-10
-127
51
-51
61
23
79
17
9
-71
69
-99
42
-39
-98
71
51
-63
-72
-17
76
-15
-36
52
-6
41
-32
0
-31
8
2
-41
-77
-1
75
84
-103
-19
96
-12
-52
-32
-29
37
-78
44
-58
-46
26
-38
35
-6
29
-22
-51
-47
59
-22
-34
-59
55
15
74
84
49
94
21
31
22
73
6
33
-34
39
5
-39
-63
-64
-74
61
-39
64
53
-47
-18
44
7
16
37
5
-9
11
38
-30
-14
-24
69
-64
32
2
11
-15
-55
85
98
-32
96
-81
-66
1
-9
20
38
-55
-57
48
-35
56
-6
-49
6
-44
-8
-21
-22
-73
-32
-26
24
1
47
14
15
-148
-85
-48
25
-10
29
98
-40
-70
74
55
-5
29
29
37
24
27
-41
30
-54
63
-20
-28
-71
-47
46
3
-44
46
13
40
-4
20
-57
33
34
-50
6
-22
17
57
-42
-8
-6
39
-68
47
-22
75
-60
-33
-66
14
-8
-9
7
5
61
-25
-47
-81
18
-96
23
0
-58
-3
-102
106
-30
34
52
11
-16
-22
-34
-21
-33
114
-39
-3
-47
10
14
-5
16
-34
56
56
50
24
-20
1
-38
-28
15
71
-26
16
16
69
55
-36
-42
17
44
69
-5
-20
-77
28
26
-56
-53
-98
12
23
-34
-43
-97
1
-62
-59
27
-40
-28
-7
-13
57
43
46
41
-83
-84
-17
-6
54
19
3
-38
145
33
25
2
-31
-20
-148
4
-3
13
62
22
-51
17
20
43
-18
24
49
18
8
-1
8
30
22
-17
-43
56
53
-11
6
20
26
50
9
-5
20
-6
-14
-69
77
-32
-51
-88
-38
41
51
-19
28
-49
27
-8
88
-56
12
-14
12
-27
-1
-10
-11
11
34
3
5
10
-120
4
43
83
-21
80
-84
47
6
53
-20
1
8
-43
31
-34
57
-3
-11
-44
11
-42
-47
-59
-1
18
-68
-40
-6
4
-34
41
41
53
32
93
109
20
-8
-36
69
-22
78
25
90
-35
-14
-121
27
-89
-40
91
63
-64
3
-67
7
-21
-27
-1
-85
27
54
-37
-15
-34
-7
-16
-97
-72
-30
33
-68
-73
28
58
23
106
25
-16
30
-50
31
15
69
20
121
52
19
82
-32
53
-12
-17
39
-57
102
-47
41
54
-36
-55
-62
58
9
40
-20
-41
5
70
15
18
-12
8
15
-79
2
47
37
-8
-24
-13
154
-12
58
27
-12
-18
68
1
1
-34
-45
48
-13
-9
-11
93
-70
-15
2
21
28
-54
25
30
-5
-48
6
7
-39
-142
12
75
35
-14
-9
-86
40
-152
-67
24
3
7
19
5
21
63
16
61
73
4
22
85
28
-26
16
68
17
-39
-20
17
-92
-40
35
-40
42
-70
11
-1
-160
-90
-31
56
-48
-57
-9
-99
-44
37
48
77
-70
-44
-45
59
2
-15
30
11
44
5
88
35
-37
-27
-55
24
-46
-29
-15
47
-4
16
-7
33
17
73
7
65
-27
39
12
-35
2
-119
-8
-1
40
9
99
-5
-28
5
51
19
-8
-40
-57
-8
1
-67
12
26
-93
63
-33
-73
-40
-5
-50
36
-30
-6
-22
-72
-47
-40
-5
34
50
5
-69
-3
-151
58
18
-39
18
61
29
-27
34
2
20
-101
41
-40
10
17
112
0
6
-88
-12
52
-12
-42
-63
-48
40
32
-89
52
12
-18
-9
23
-52
-16
4
18
-56
-75
50
-24
-64
6
87
-77
26
-3
-28
32
-24
-68
30
-42
67
14
30
2
-11
-78
32
24
-18
22
-12
-11
-12
-48
-9
16
-43
-87
-35
-9
40
29
19
46
-66
-61
-21
-3
-82
-32
-2
-14
-14
-84
12
49
-69
-29
8
-19
27
45
31
4
-13
81
-121
34
100
-2
19
-33
-63
-22
-13
21
42
14
8
3
24
81
84
18
-14
66
49
-49
-24
-3
-4
-8
8
88
-26
-60
14
48
-60
32
12
-6
8
-24
-37
-55
41
0
-4
-20
51
61
15
-7
-81
7
-23
-68
-40
13
15
-50
48
47
-2
-21
-46
10
64
-28
4
-17
-40
72
20
76
107
-14
-98
-97
-51
38
36
21
-19
-54
11
-35
15
-40
-18
65
4
40
-14
28
-29
-41
30
-62
-69
-40
106
20
-10
59
45
-1
-20
-98
20
4
-33
-21
56
-27
43
53
26
-62
-42
113
47
30
27
38
-61
0
-63
35
46
29
-32
-6
-69
77
8
30
13
67
-85
48
49
-10
-3
-8
-42
5
-90
-55
-33
67
14
2
25
-59
11
12
-78
-69
-36
-53
26
9
4
95
-31
-79
24
67
-8
91
22
-9
84
-36
55
-17
-37
-1
-3
-20
-168
56
62
124
-43
-36
6
18
-9
-70
13
27
-24
-128
-6
-81
95
-53
30
-30
10
-42
31
3
-38
-42
-53
37
88
-27
48
27
-4
-33
27
-33
91
-29
8
-44
15
57
-43
-2
18
21
62
-8
-6
7
1
-20
-140
6
112
23
46
-44
-100
43
44
13
-21
-32
-92
-30
-73
8
19
50
22
-15
42
3
49
-5
16
33
14
-42
28
-10
-40
-52
-29
68
45
101
10
29
-18
7
87
-73
-6
-48
55
50
-6
29
1
-8
9
16
31
111
-70
-43
-40
-63
-15
25
-16
-21
-21
-22
-33
-44
42
-27
52
-36
-39
-55
32
13
108
-52
-8
-38
-13
-38
-50
29
57
52
-62
-1
-80
-96
5
-5
66
-21
-31
58
27
100
-58
-68
62
15
1
-1
38
29
-37
3
-54
-51
-19
-61
-109
62
-64
87
-26
-77
33
92
51
-6
59
99
-18
58
43
9
-95
-107
-45
15
-14
27
9
44
-112
14
-4
-12
-24
-7
14
-70
16
-13
-5
-5
1
-86
-34
55
74
17
-81
-149
11
-5
31
-2
24
-73
59
-1
-13
78
13
2
-66
-11
16
-5
-96
-24
-33
46
22
-65
-5
9
-17
-54
18
-53
19
-53
-70
-84
-84
-14
-55
58
-25
49
19
73
-8
91
43
28
-74
12
-46
-38
29
-29
-10
88
4
68
-11
6
-10
-28
7
-20
-30
-29
-25
-76
-65
-46
16
42
-48
-17
64
-3
69
36
-19
-73
-9
-1
6
-68
-114
-9
-73
-11
32
-34
86
2
3
-39
-126
-64
-32
-56
22
4
-74
-68
16
10
0
0
47
26
-6
61
-32
-56
32
-34
43
-11
-9
2
24
-34
4
30
-16
31
28
74
16
43
79
108
37
-125
-65
79
-83
-41
-26
108
41
62
50
49
29
64
-4
34
22
68
-105
75
-129
29
24
34
-11
-16
-63
8
21
-28
14
-117
-72
-66
-59
-1
102
-17
5
91
-75
19
-7
39
0
8
-56
8
-35
-6
71
28
-11
7
149
-3
14
-61
37
44
44
-16
7
-36
12
-38
118
14
60
50
-19
33
-106
25
39
17
-6
121
-50
-35
63
-30
30
42
-40
80
57
28
-16
66
12
-47
-31
43
115
-59
-37
20
12
-33
56
-38
-5
-32
-20
-34
52
21
-27
-19
5
-30
-63
-15
-52
23
30
-32
-63
54
-40
63
3
-13
-42
64
34
-37
-22
15
-16
51
72
-17
85
31
-46
-32
10
-20
-66
16
-57
-18
85
-13
2
4
37
-68
-5
54
-104
-30
3
-103
-38
-72
-122
-1
35
-35
5
-22
43
55
-41
-68
-22
-12
-88
29
3
-25
7
-47
-30
79
-74
-63
36
-6
-58
12
-90
-115
-69
-41
20
61
126
-45
-20
67
-18
103
58
-35
-4
40
-18
22
-34
24
18
-20
-29
-69
-40
-41
-16
21
68
78
21
17
16
7
-2
-22
-52
24
-62
-19
80
-42
-22
17
41
68
55
-25
-7
5
13
65
34
-61
-43
-14
-3
14
-40
-129
80
6
57
-30
47
-14
26
-1
-52
104
38
34
-7
35
59
56
-72
31
17
102
-20
117
-132
-29
-32
-43
-69
1
-4
32
-21
93
-101
-37
5
1
22
-50
-13
27
-34
-54
16
-3
-26
48
-68
21
8
103
-4
-7
44
-60
14
53
68
-26
17
15
-79
22
10
-46
-54
43
78
40
-43
55
-47
12
68
70
-6
-33
-58
20
-25
-26
28
-97
80
-37
24
37
-57
84
-74
24
37
28
43
0
4
-24
-68
63
14
10
-86
-26
20
100
-28
-57
10
27
9
-59
-62
21
-51
10
-25
-120
-3
30
-35
-33
53
38
19
25
-140
-31
-37
53
0
33
17
15
-41
-12
35
47
-84
-68
67
-43
-7
32
5
17
-17
-5
33
9
-35
23
-23
-34
-49
61
-20
-20
-15
58
-39
28
54
30
-68
-7
-34
43
-14
-21
115
60
63
7
92
13
25
24
-2
-76
3
-64
-7
-10
-33
17
22
-98
-54
-2
76
25
-56
-17
12
11
-54
-19
-13
-4
32
61
17
-56
2
51
64
11
130
15
53
-4
34
-24
36
5
-64
41
88
4
-23
-21
59
6
-24
-23
-69
121
-25
46
0
54
12
11
-60
41
47
-7
47
-48
78
48
-34
46
4
0
15
1
24
-67
8
-98
25
13
40
4
-6
52
32
21
37
51
-11
25
-10
102
30
-54
27
-21
30
112
64
-24
-5
-9
-29
36
-1
13
75
-41
96
6
37
-17
92
36
31
45
27
-24
-79
19
-85
-58
-43
36
-13
-40
-31
88
41
-10
-13
37
-5
59
12
-63
-2
19
-59
-116
64
1
-23
-63
-5
-20
45
-26
26
7
29
4
53
45
-49
63
-121
-52
48
19
-78
-17
27
-68
115
-17
95
-25
59
37
41
-85
-40
21
-47
-90
-23
3
51
47
-2
-14
40
28
-32
41
84
9
-13
81
-105
-33
-46
88
-53
70
-77
-80
-18
-57
-49
120
-36
40
-95
15
29
6
140
48
-21
-10
36
10
-62
55
2
-49
-7
32
-6
42
-8
53
23
78
5
-18
-80
-100
-67
7
33
-7
35
-44
12
-65
12
-9
-59
93
11
-22
16
-2
-16
-55
-6
20
19
83
-57
23
-27
3
21
28
-44
-7
-45
-33
1
54
44
58
33
16
24
-32
-60
32
69
-77
44
-14
78
79
-33
119
-35
-28
75
-110
-26
128
-7
-12
51
43
17
-5
9
-8
-2
-15
12
59
4
-8
-80
74
-90
-89
-37
57
32
-41
-39
-51
41
-31
-59
-79
103
45
30
-22
113
9
14
-50
-51
-79
17
-51
-72
88
-40
-18
-29
-52
-68
-31
49
-43
0
-6
49
-5
-27
-36
-76
23
59
-12
-21
56
53
-69
-7
0
32
-49
-5
31
70
-24
-12
36
-39
54
33
-86
-115
-103
-56
-23
29
24
-17
11
-30
83
10
-46
-98
-8
-91
15
76
33
-52
-52
-108
-46
-11
35
67
-51
-76
20
-67
-14
-24
-3
5
13
-48
27
37
-61
-17
-17
-31
-36
57
45
50
5
-48
-14
-65
58
-25
-4
-52
-21
-24
-33
-74
-25
-126
27
48
-65
4
-24
80
6
95
-59
30
-14
76
-9
51
50
-26
34
26
-1
-52
0
53
-45
9
65
13
32
51
56
-105
21
40
-41
47
-114
-75
12
-26
-15
79
-57
-42
-7
62
52
-6
-11
15
-9
-121
12
52
-41
-88
-3
-38
126
-26
-31
-1
-30
69
122
8
39
-74
-77
113
-59
16
-66
29
-23
-4
-53
23
60
88
28
-25
49
-27
-20
-63
57
-59
-5
1
-96
-5
21
-16
12
-65
-17
84
47
-94
50
1
26
-69
-33
74
-39
60
-37
-16
9
-34
52
-11
-3
4
49
-4
114
-36
26
26
14
75
6
-37
-33
12
-31
-53
21
-71
38
-26
-24
5
-69
41
-109
32
-63
26
16
-50
-73
-6
-44
-22
-9
161
-99
87
-22
9
-96
-17
57
-107
30
8
105
-130
-10
27
16
-21
28
-28
-55
-96
-2
61
51
47
-22
24
-161
-36
22
-16
76
-16
86
25
-30
70
25
27
-56
12
-15
-10
58
39
-4
-17
34
-55
-2
2
-36
28
24
88
14
-38
6
31
-33
-16
-14
-155
-27
35
-33
-52
-6
18
86
-103
-1
11
-58
-56
25
1
28
79
-39
2
-7
45
38
-131
-14
11
85
7
2
-3
10
-39
18
87
-116
11
37
-2
45
-95
-15
-54
-46
-16
12
10
-4
-40
-43
92
-30
-34
-58
-49
18
48
-1
87
4
-12
35
-106
36
15
57
40
-12
-39
-5
42
-22
51
-15
-28
-114
26
-66
-10
45
-15
-3
-27
22
21
98
5
-9
-36
-36
66
-13
9
-42
7
-17
-53
-108
12
18
89
111
0
-3
48
-74
37
-139
-67
-46
43
50
-17
-55
-27
2
15
-61
-15
48
-19
75
-19
8
-38
-48
1
18
-12
40
66
87
-162
63
-61
18
8
-12
-2
16
50
106
21
-28
-108
56
-15
-20
-25
7
0
-28
4
-14
-63
-35
-24
56
22
-58
126
24
37
-2
-15
-51
95
-17
23
40
55
-87
72
-54
-76
-20
73
153
4
54
80
3
54
-21
-37
59
-2
88
-34
163
4
5
-69
-5
75
-11
85
-45
77
84
-36
83
52
3
39
33
25
43
-6
67
-29
-1
-59
4
17
0
-46
-16
50
-23
-36
-31
-7
51
-14
72
82
37
-14
29
-42
-51
40
-85
16
-20
-96
116
-19
18
-6
6
-22
18
3
60
-50
6
2
35
4
-84
59
-23
-43
58
-72
-80
4
-31
67
-56
-58
6
39
66
31
-121
71
-29
-68
-22
25
3
24
14
-85
65
50
-9
95
49
-43
-22
-7
-84
64
-18
32
5
59
67
-56
-75
61
5
60
33
-11
6
14
4
-50
5
23
14
-7
84
-16
28
0
-19
-53
-12
-7
39
15
56
-10
-96
4
34
8
-2
-12
84
-32
-20
-41
-39
-111
-3
48
-13
13
-42
-27
47
35
-30
-57
-8
-36
-16
45
2
28
-40
29
36
15
17
-19
11
-6
-100
-50
-8
-8
-39
-19
-85
-14
-61
-23
-42
17
26
26
-26
-43
-7
-43
-32
-19
-34
16
29
14
-2
-36
21
4
51
32
11
-24
-5
-12
-1
67
-32
-4
0
-37
57
7
22
33
-53
-2
-18
-51
24
-5
-91
13
8
-40
1
-25
50
75
17
46
-3
-1
-97
-24
-29
-5
23
-10
67
0
42
32
-27
65
13
58
9
117
-9
40
110
86
67
29
-55
86
-13
-1
46
-79
17
-44
55
79
-65
-8
5
8
32
-73
-37
20
-17
46
63
15
63
31
-25
47
22
27
19
42
12
25
-3
-32
-27
52
26
57
-24
24
-7
-9
14
41
45
-24
-15
-42
59
-20
-30
68
-54
-97
60
25
34
64
-62
75
48
0
-35
-27
28
-19
51
-37
33
8
-15
-42
-31
-31
10
1
-74
66
35
-22
-19
-95
-23
59
4
45
7
-38
-52
-6
45
32
-24
49
-13
4
-17
103
11
91
24
41
-121
-38
54
77
81
28
29
-60
31
-28
-31
-17
-6
-14
53
113
25
12
35
-125
36
31
-19
-40
40
-35
-23
-58
12
102
-74
-11
-33
-61
-19
-95
94
-38
-23
16
-54
0
-5
-31
64
9
-79
14
57
59
42
73
39
-2
21
-20
-3
-3
11
-84
-40
61
-9
71
26
90
-11
-13
-70
32
1
14
-47
33
-69
111
42
45
-43
-73
-75
-11
-37
-27
4
17
-23
12
-44
37
-39
51
-13
82
72
6
18
37
3
-41
48
123
-1
16
59
58
-7
-21
-15
-5
4
43
47
-43
2
-11
-61
37
-34
40
-65
-15
56
-23
-17
-20
-12
-55
-46
-7
-23
31
-60
88
-42
-32
8
-30
-37
121
24
44
4
-26
26
-28
-12
38
-44
26
17
52
-30
27
57
62
-2
-47
-16
19
95
60
-28
-77
2
-45
-82
19
-15
-35
-39
50
19
-73
29
72
-19
-36
-60
45
-24
63
-69
-11
11
-45
31
-83
-7
36
65
-10
27
35
100
-73
114
-25
25
-118
144
-19
9
-84
41
89
103
-44
-32
1
28
56
31
-80
29
84
-48
-7
-10
20
31
-98
15
-2
12
-9
-71
56
-57
-54
22
-5
77
-30
38
34
10
-36
-21
54
4
14
88
-51
103
-76
21
-16
7
-8
-75
16
89
