-57
37
-90
-72
-56
-7
18
15
-93
-36
17
-90
-77
-26
-2
115
103
62
-19
104
55
42
46
-43
-41
51
95
-16
-35
112
49
-34
37
-153
-81
50
-58
20
50
-25
-87
-6
-49
-38
6
-1
-28
66
-88
26
65
152
-12
-44
13
-61
-113
75
47
11
7
-65
66
22
-63
-101
-10
8
34
-92
-36
-33
36
24
12
30
43
49
-23
30
-128
-99
-42
122
-2
18
-9
48
-33
-65
56
79
8
-86
-45
57
77
70
-19
5
-49
18
52
-4
108
-55
-48
-9
-143
-127
-148
164
-49
-114
0
19
-38
45
77
-40
-133
78
-52
-132
-4
-2
196
-25
-111
4
61
64
81
-9
-23
-67
154
17
-105
-47
-26
5
-47
110
26
-24
63
97
6
108
93
7
-102
-26
-40
-68
35
62
-39
46
-31
-50
-38
67
-57
-4
62
-10
4
68
153
-97
-44
-54
120
2
1
117
46
-79
96
47
46
-85
-51
99
47
50
-46
-7
72
-39
113
18
67
-8
-61
-90
-15
-20
-91
107
-9
-40
-161
-83
61
-31
-81
-23
9
57
3
59
27
27
-29
-1
20
1
-152
69
-29
46
216
-7
40
-86
-74
-15
-18
50
-109
110
-37
3
-24
-61
-86
0
36
-47
-136
26
114
95
37
-77
48
-1
68
47
-91
18
30
-157
-11
-38
-43
-3
45
8
-20
-112
162
52
-5
78
51
-9
-27
27
33
-10
-106
-35
-78
-25
41
-58
9
-4
-73
-20
0
-34
-5
-54
43
33
36
58
-93
-81
-8
-23
-37
-8
-15
57
-96
-12
47
78
20
31
46
23
-59
29
-118
-71
-7
11
0
43
11
3
0
2
-20
-6
-47
-53
57
-12
31
25
-59
97
-122
32
-74
43
85
50
-1
132
26
15
-77
-48
29
-66
-99
10
66
37
0
-40
-9
14
-100
35
24
102
69
37
-26
60
31
113
-120
75
19
-29
76
-54
66
-50
5
20
-1
-8
2
-59
-24
61
-9
110
15
-25
84
24
1
29
-71
24
153
-24
107
-160
43
27
-64
91
42
47
88
-36
78
14
-63
-38
91
55
95
-75
5
92
37
146
-83
23
-111
-43
-45
136
32
182
63
30
-76
24
-26
-50
-52
59
-69
69
-33
-75
-86
-16
108
-52
37
-49
-13
13
56
-16
-90
-60
-95
76
-184
35
9
15
-54
-58
43
-24
-84
15
20
-10
81
-88
1
-37
-92
80
81
-14
100
49
42
70
-12
2
87
-13
-5
-101
56
35
-26
19
-118
-24
81
32
-4
-36
8
-23
50
-39
-9
119
-102
-43
-19
65
84
25
11
113
-45
-7
-32
49
47
31
-3
-18
-63
38
-113
69
-27
38
30
-17
37
39
62
-21
-163
-151
65
82
12
11
43
29
21
-68
47
63
84
1
-131
-64
49
13
-74
24
-207
-1
39
41
-12
64
-99
-9
63
-9
-80
-114
53
17
-23
101
-48
8
140
-109
-5
54
72
15
66
-20
-66
51
-25
-51
-62
-77
-13
-42
5
-26
-50
-15
21
45
70
-54
-5
-109
-73
-56
-97
0
1
58
77
62
-62
51
43
35
136
152
122
-20
19
-205
70
157
-31
41
50
-82
-20
18
20
45
-129
30
-44
-96
70
34
-56
35
-8
-39
-115
61
-93
-47
-32
14
-67
-114
60
84
102
58
86
-126
-25
118
2
14
-56
17
-52
37
50
22
-51
92
129
100
13
74
32
-18
-137
32
-78
-42
24
-56
104
-68
40
109
-22
-17
-73
-1
131
136
79
7
-21
-10
29
-70
85
-114
-3
-107
-71
6
-14
70
-18
106
98
18
-65
-107
-17
34
9
-114
14
-5
-4
-128
35
-44
61
94
54
11
-9
-7
-50
84
12
-29
81
-10
178
-10
-14
-101
-81
-14
50
-122
70
-68
-9
8
-62
87
-40
-7
-18
12
-49
2
-4
-37
92
1
-9
-30
-2
85
-23
81
108
112
-57
21
-5
56
-60
27
-36
109
-118
-129
113
57
111
20
111
43
-98
66
47
59
-57
13
17
6
172
99
51
12
-52
-62
4
-48
85
23
-53
-9
-19
-38
124
10
74
-119
10
41
48
36
177
135
35
-57
31
13
16
144
-46
11
-95
104
12
78
-87
33
51
121
64
7
-25
-107
56
-6
73
2
-132
-8
-129
47
34
47
-9
36
52
-31
-25
88
40
78
67
19
-38
14
-73
102
-22
53
-145
87
79
-23
30
-112
-12
21
-29
8
-64
50
-21
65
25
-74
11
-58
-62
14
-16
-73
-11
-32
33
-7
-8
-92
79
89
-95
-174
46
-30
-15
167
-63
128
-4
128
-130
77
-105
113
84
-9
9
87
-12
28
-96
-35
82
11
-80
-164
-24
-45
42
94
-122
-22
-52
-19
-80
-41
129
-2
70
90
-31
-48
69
-11
-9
49
85
-40
55
76
133
-5
-20
41
-83
-18
-69
-14
4
76
-8
-121
9
-22
-54
161
-19
19
133
-65
-69
87
-76
-71
95
182
-156
177
-65
6
-101
17
-70
40
-60
84
-45
118
-48
123
47
48
12
80
-48
-53
-52
-36
53
45
61
-37
58
31
2
2
-55
-39
25
-96
-35
-59
-61
26
21
43
37
-31
5
51
-42
-9
-84
115
17
12
19
-93
-79
-35
13
-34
-89
14
-52
88
-77
86
-36
-20
15
34
71
22
31
-39
-1
-19
-56
99
-56
25
24
-23
51
25
130
13
19
80
-2
-24
66
75
53
42
67
42
33
-130
50
-30
-141
-2
-31
-75
30
23
14
-33
42
-47
-8
-5
42
-151
-158
2
27
63
138
-75
36
-28
100
-19
-51
-94
95
-11
-41
-137
17
-26
-76
-92
41
105
-24
-15
-17
84
-13
-59
-58
133
-40
51
-21
8
-34
-54
22
-48
12
-28
-98
7
-3
-69
42
-61
-1
-96
120
109
1
106
-31
22
-63
-9
81
5
-116
54
101
-30
-66
-69
20
50
106
16
14
27
-59
12
12
26
-139
27
171
-17
54
-43
67
-13
9
-38
71
-56
116
-55
189
44
147
-41
-60
53
-46
94
-26
47
109
25
-9
-22
-38
17
-88
64
-108
79
-71
79
-32
-121
62
36
-9
-61
-2
-34
-13
-32
-70
117
-109
38
-15
-68
109
100
-13
85
-103
-119
140
163
-18
91
3
-38
-53
2
-74
-30
-33
-70
19
25
104
-98
-20
42
26
57
115
-57
-107
51
45
49
82
-50
-75
-86
127
-24
-22
10
67
-135
-137
25
2
2
25
-34
-3
29
55
4
17
-72
-22
-127
-86
55
9
82
34
-102
-6
36
-107
-1
-71
-151
28
25
-22
89
46
41
-60
-93
28
-39
-65
20
-24
-13
48
-36
12
22
96
114
10
-88
-82
4
3
17
9
-45
58
3
47
28
37
-21
-46
-51
111
7
103
-97
-49
-53
-4
-15
30
45
-13
-21
21
143
60
46
-40
60
-70
-40
15
0
21
8
-21
62
-77
50
98
-52
166
-280
86
-68
111
161
107
80
-70
-35
-1
15
-35
-18
14
-61
74
-60
15
90
-65
30
6
44
-3
62
-89
-6
-41
-29
-93
6
53
92
114
36
-75
42
14
-32
-37
-33
-2
-72
4
-124
1
154
48
63
-28
-32
-70
-26
91
31
46
0
-4
-29
-43
-3
18
17
13
156
91
-58
-13
23
-100
-50
-99
78
54
-4
50
-100
103
24
-114
-140
-164
-29
59
-109
173
157
-61
-91
44
-43
25
13
-146
-26
80
3
-56
-40
-68
-119
-23
-13
-87
176
95
69
66
92
-65
67
-97
-28
54
10
120
-58
-33
-62
-19
10
68
-72
63
-86
77
-103
-51
14
9
124
-50
38
4
3
-36
18
7
2
47
-20
-48
-9
49
-4
-75
65
-41
124
-25
-29
54
-48
0
62
95
153
40
-14
-94
50
-5
14
46
37
108
-129
-26
73
-56
-55
27
129
13
-64
-31
-13
-84
46
11
-32
18
90
-161
3
21
88
6
-108
-88
-106
32
-15
31
-62
-67
-38
31
-64
-72
-107
-31
-36
47
6
35
93
51
-4
-25
26
-25
25
-36
-125
19
75
27
-82
87
27
55
55
8
42
-41
-28
77
-63
-68
24
-35
76
82
86
64
26
-182
-5
-23
66
38
77
83
-10
42
2
-15
28
37
-27
-61
-105
-51
-38
-104
-15
47
-71
-106
30
-1
49
-15
20
-61
112
-113
57
49
-43
78
-15
23
14
-108
94
-52
-9
-61
65
-10
-42
61
16
77
149
-10
-16
-34
-58
5
-37
-101
-67
98
31
-34
26
36
-57
13
-38
-25
23
-93
-82
85
-105
35
58
15
-57
101
-15
24
56
13
6
45
72
-56
83
33
-100
55
1
11
-35
121
-44
-64
-1
34
-60
35
14
21
-18
29
0
-20
50
73
-56
-19
-8
79
-105
-83
-58
14
66
-36
-76
68
-55
-3
136
42
66
-76
111
-36
25
-55
74
-8
-37
9
-9
-158
19
104
-5
19
76
48
-75
19
41
-16
34
55
-11
-24
116
89
38
48
65
34
-31
-22
-129
-54
92
-48
180
124
-131
-9
12
-89
56
34
-14
-55
50
-21
-10
-3
18
9
-59
102
6
58
-61
35
25
53
37
-33
20
-50
-2
-35
-72
72
96
70
0
-73
-62
43
73
-30
153
86
5
-2
76
-37
-124
-88
-28
-9
-12
-6
29
-98
121
92
-126
47
-15
111
-82
-104
-126
183
-51
24
75
23
-27
98
31
-89
22
-37
25
68
-10
-18
35
0
111
12
88
1
78
-58
-29
99
83
15
193
30
-44
-149
-34
-34
51
40
-81
77
-62
-129
-13
-68
-23
-138
31
-81
6
-32
107
-48
-3
96
-4
-49
15
83
25
-99
37
-32
53
83
34
-131
-104
-56
-100
-19
-102
28
-16
-65
-30
55
69
-9
27
96
32
-84
-47
8
-11
-54
25
4
-90
40
78
-45
44
-44
-31
55
-74
-1
-2
10
12
24
-75
62
-10
31
8
132
38
151
54
53
-64
-13
41
-149
69
63
-21
-2
4
122
32
-56
-114
20
-82
-21
136
-82
-27
-83
68
-66
66
-15
66
16
32
-94
-109
30
41
39
64
28
-6
87
-112
-21
-15
-93
31
61
12
-69
65
-83
9
13
-28
-12
-85
29
-6
65
0
-102
-73
-115
62
-137
41
-33
39
15
-59
-42
29
30
120
160
21
50
74
-10
56
-33
-96
-36
70
22
-3
-40
56
-41
27
-37
43
24
14
-10
21
45
-19
-18
-99
-119
-57
110
-66
-8
-28
-158
-24
-120
22
0
96
63
-52
96
-28
12
39
1
-64
