-975
1550
-728
1019
-1452
180
337
1104
30
-1130
-509
-693
-250
859
-79
-81
1408
-131
-269
663
968
-1235
1614
-240
-664
648
951
-788
-408
94
-1649
238
230
-484
-780
1362
-1143
1568
724
1216
413
40
-1439
1575
-17
1106
-598
194
-1530
-1491
418
-1616
1051
-1081
-341
-819
-1225
1528
-1295
-1122
542
271
1351
771
1049
-910
477
-62
-1571
-504
-863
697
810
655
122
1270
-181
-1535
989
-826
-644
-492
1349
-197
815
-1651
99
-647
1411
-226
-1611
481
1021
5
-1287
-1082
-255
1309
187
822
-1049
1028
1370
-1637
-194
642
682
-201
-1628
-76
-713
-136
-1033
130
-487
-19
1155
1494
966
-434
-12
1027
1576
-647
1480
1255
-664
829
-1332
697
-1486
-969
514
69
-636
-246
489
718
-696
813
-1158
-725
-1420
-1616
-411
94
719
-1488
-875
-1153
-509
-672
-415
1422
1380
572
-749
237
-916
-707
1196
-536
1437
767
887
358
989
-678
-795
-366
-1599
849
941
-2
159
1414
1318
-983
-539
-706
1312
-1600
225
-2
-1578
-237
202
-308
718
-318
106
537
1046
1455
1244
224
1352
-1401
-1150
1561
-141
39
1379
-189
-936
-486
-1454
-1332
1224
643
-404
1319
-185
1075
498
-1064
-522
198
-1224
324
1315
83
-1620
-1090
-8
1424
939
1154
-1219
260
-1009
68
1114
1039
966
-1255
1003
1342
58
-305
-960
1016
-108
-1309
1648
1296
1287
-1417
-1227
337
-52
1401
121
615
908
-1427
-163
751
277
-1382
-1148
1397
1145
1004
92
1654
397
-549
574
-426
1224
1574
108
725
-1588
163
-540
754
-528
361
1081
558
1514
-1550
1109
-801
1451
-527
-408
453
-1474
-553
-581
-1631
327
935
-644
-996
-592
-1365
1422
-1314
-50
-852
-702
150
-967
-1011
345
1073
-88
-32
-31
270
1417
1586
-166
741
229
1007
-592
-316
-517
-888
-1288
292
671
752
-222
-1507
722
27
-1253
-347
189
1085
525
-643
1405
-583
59
-218
-301
364
1399
-366
-88
-1347
686
1575
1466
434
-1381
847
1390
-1235
-479
-251
-839
-968
-681
1145
-1435
490
1447
490
163
-399
89
-1208
-763
-616
1591
293
-1064
410
1485
-865
290
-200
1547
-826
248
-448
-329
1096
14
-38
1177
1132
-351
790
-1152
-1281
-1622
-661
-162
49
1172
-1444
-1506
231
1000
-1160
345
-1324
-982
326
541
297
1655
-1400
-990
1153
834
702
-989
-171
1252
1385
-706
517
815
-1543
-958
1298
685
1314
780
455
-823
-396
356
-1082
-327
714
113
-1014
49
-888
653
899
-665
358
-512
126
1182
-978
305
-744
-1081
1175
339
-413
-497
1148
1390
882
-802
-847
1113
-1316
-622
616
-1321
597
-1346
688
-28
-289
1663
1611
999
-1248
721
-295
-1182
-452
365
-1220
-444
-227
290
-537
1502
-1539
-1134
-794
371
-333
-1520
-1172
945
308
-1629
254
-316
735
-1563
1338
-827
-1537
1652
-819
130
1104
76
-261
935
483
434
1250
654
1178
-229
-1546
834
-1271
389
-1154
-217
128
-531
-1478
1494
1014
785
1329
-6
135
1115
828
317
1403
-1194
-1066
1473
889
-90
663
-1416
288
1662
948
79
1130
40
99
-1137
227
1040
605
222
1256
1626
-1377
-1218
-291
-455
-625
-12
398
-680
1013
1267
-1430
-1025
1251
-840
234
-1101
250
787
693
731
-1480
964
1453
975
1523
642
-1138
-110
1449
855
1639
-643
755
-1272
-447
1109
13
-1051
-1421
-489
-315
-431
-81
-1577
-735
-1282
-289
-974
460
-1410
534
-1518
-156
-672
-376
637
30
-355
-715
-1022
-1105
-1322
99
-784
1347
-795
231
-1103
1447
-274
-937
1504
-413
-1644
-332
4
-762
-1066
1224
473
-809
711
-196
-884
-1037
-338
-282
602
-964
-112
1484
-233
-251
328
1419
705
1415
-1369
-1107
764
-545
-185
-1166
-1618
-615
1614
1217
258
-1113
1600
391
-1083
1289
1553
-90
1247
-173
34
1111
1316
-1429
857
-574
-1052
1634
-216
-857
474
1359
453
515
606
-483
495
-186
-1409
-43
-1611
-882
726
-1323
-447
-1292
-1473
-949
-739
-446
810
-1566
331
-692
-857
1117
-730
-1172
-1486
677
-833
-869
1465
525
-1204
193
377
-720
1183
593
-227
945
-765
-1511
-1344
-592
-313
-312
1422
-1207
-975
878
-1491
478
1383
-1224
320
-1535
-1091
-1515
-663
1221
-37
-56
-1628
1283
-1127
1520
654
1103
-849
317
-459
-1286
881
-706
-1633
34
61
-812
-3
-1658
10
-949
1262
-1137
952
-1658
-1455
236
-1347
-449
1461
-791
106
-838
233
1181
356
-1314
82
-485
519
-114
353
915
-1656
1257
1608
882
-1657
-1309
225
-1624
810
-1178
-388
1422
128
-3
1434
-1207
371
692
-487
1616
1481
1078
-277
-1607
537
-1346
944
-1167
778
-265
1148
-1288
949
1083
580
-441
-1423
1172
-1464
871
-233
1202
-1154
988
602
670
958
501
-832
1620
-690
-886
-1175
-1331
443
-363
-730
672
-294
933
301
594
451
-318
-958
1107
755
118
325
1519
-640
1227
556
741
455
-1124
-857
-1133
1136
986
-871
-86
-543
-290
1516
1038
0
-1354
-1183
1051
1568
-880
958
-1501
674
-863
384
151
-131
1620
46
-450
-511
106
1399
781
-73
-680
737
740
-245
1310
-918
-394
-317
-1159
-35
-903
309
-744
-1134
-613
-1560
-7
1059
1281
-1327
1475
984
890
-257
-674
1389
-35
306
0
-23
-558
-890
575
-1300
-1455
-1018
-647
-312
866
-303
-904
509
-823
-1586
1202
485
-142
-492
-519
796
432
836
-897
-632
155
-1459
-1317
1543
1382
247
-22
1383
-23
-485
-652
-1478
-1102
-286
1480
1518
-158
-22
672
1110
-4
-1109
-1561
203
-620
-1153
-1402
-978
-668
-1221
-616
1420
1047
336
-193
-451
1626
-754
799
-773
1152
247
-748
159
1129
-1291
-758
606
-1150
-525
803
1530
-1472
931
903
797
790
-452
1659
-1021
1411
-449
-410
316
-1437
378
1421
-557
1149
-1388
1166
285
1416
1578
1285
-570
-38
-314
-945
1201
1065
908
1117
123
185
-784
801
-1403
371
-1433
1223
-190
223
394
-1593
986
697
-245
-1129
-1532
-1250
97
1641
-751
880
490
163
676
249
1317
964
1012
656
-1323
1335
1439
905
874
548
111
1553
-1094
1211
-346
780
-707
-596
1270
-722
-1281
360
-171
607
-401
547
-194
1130
268
-687
1577
-189
-511
-1437
1189
915
-678
615
1399
940
-913
-1541
1586
1238
1008
74
-1188
-591
618
-1616
1020
-1074
-1388
962
578
-228
-1148
1630
-462
-375
825
857
-896
-921
1329
1603
-43
-562
97
52
-1020
-10
502
277
-1134
851
473
-233
849
-1640
-997
1391
-485
1652
1536
-1067
-417
-251
-134
859
767
443
1091
1150
-1206
129
1172
-518
-391
45
-1091
907
-776
-36
427
1200
808
-355
717
-1097
-859
-1365
-14
503
-928
22
301
170
1127
-1576
1355
-283
-478
-342
1474
402
-118
-144
1373
1575
262
-1504
1178
1274
794
1503
-270
341
1245
877
43
-4
-1040
268
-905
-1382
1435
865
1379
-550
-374
1476
445
1220
1154
-922
1003
-279
341
-37
727
-1010
1233
1455
16
-1523
1171
1609
203
-90
-346
1035
1495
-1263
-1452
744
421
-984
627
702
-404
-442
-225
-1525
618
-667
-1199
1034
-383
-1125
1244
-564
1435
685
1107
-1357
-22
-207
626
1658
-469
1296
-541
1020
623
-364
36
796
1366
1051
334
794
-147
-332
-846
-224
181
-1536
-869
-297
670
-719
-1092
-1637
1424
-1626
-699
187
-1534
-1228
-499
-1420
-1615
-1438
-666
-410
1051
236
-27
1161
69
-1086
-169
-600
-1513
130
-835
-700
-805
-930
-532
610
-102
-1029
1246
-1444
-1336
-1588
-535
-958
1250
-1320
-866
-117
-760
-1122
-1382
524
-392
-1149
1302
1374
-1615
-1526
1437
1097
911
-424
-921
1018
47
-1222
-1128
1482
-838
451
-733
1471
-454
-704
1055
1651
1167
613
-1625
77
-1248
-1120
-1297
-1289
928
-1606
1014
385
914
752
641
-575
778
-757
-282
247
1599
-1011
-685
1547
766
223
-70
-1371
-1211
1477
-68
-1054
777
1076
-957
-1597
-1130
-949
56
-1214
224
-760
1033
-1276
-226
512
1036
-321
-843
1396
-469
1347
-344
839
1260
9
-212
1376
753
-176
1128
913
-39
1201
968
-1100
362
-676
1301
28
191
-1295
-178
-1658
-1603
-309
-785
1553
-1620
437
672
566
-409
-1545
-527
-488
755
-236
1533
1048
-893
1548
1528
-1350
877
1624
1576
155
696
211
-59
626
936
-68
457
636
-80
1469
-840
723
1650
-622
868
-1397
741
170
977
-877
255
-479
-1436
957
521
3
973
-175
-74
1165
1352
473
-1060
1132
1645
183
-1500
285
-1437
-1278
1572
-871
-1609
319
817
-1091
-1401
995
1091
761
-393
-1471
-306
-91
1133
1491
-1658
-1400
489
-1269
965
-1386
-1237
-1456
1079
-714
1020
-1334
674
-1202
858
1443
245
513
275
-148
872
729
-22
624
18
1220
1511
845
962
1651
66
574
-1586
595
-1385
657
26
-459
637
519
-936
-1148
203
-533
809
1373
1192
-681
-1487
324
-146
79
445
-796
1243
650
1440
1167
909
-83
775
-1291
-648
-1254
1125
-4
-1046
963
-161
597
-1653
1365
-1029
-966
-1463
478
-1374
-879
747
1604
1620
903
-1542
-1109
-1400
1017
412
1440
-299
1149
1135
1602
-199
1475
587
1106
1333
-1242
349
1045
-609
700
-67
-1401
-29
-726
-311
1327
145
992
-1256
-1279
-370
-259
-27
-1040
60
1466
-445
258
-1061
-193
606
1558
776
1385
510
-744
1636
-1262
1615
-290
201
1052
-350
-1332
347
473
539
-980
-1369
-785
164
-811
1259
31
594
-1486
-420
1347
1174
-864
1342
1237
359
723
841
775
-1059
187
1167
-862
-1127
111
-590
796
1575
-167
-607
-1236
-471
-566
-63
-931
1007
1259
-1481
71
-1101
-258
1535
-1081
1158
-449
1076
-21
-1488
1084
102
1578
716
546
981
-1214
423
342
-579
-166
-214
-47
705
872
340
532
-240
-1556
27
737
-598
-415
-1552
1658
-509
1008
-1122
-1140
-153
1075
773
1311
-614
693
909
-920
802
1250
-1140
-1063
-470
-302
-1648
-1254
-1171
-490
-165
878
-25
-1252
1342
-1181
338
702
-360
-1198
805
-615
-1134
1390
-1279
1173
1236
-880
-1155
-789
-1378
-312
-1361
1514
1262
-248
409
644
1428
81
-1470
-20
1267
502
904
1265
989
-881
-1476
982
1160
-338
-493
-1562
-230
-722
-1063
-1253
-973
1524
-1153
256
363
1321
1528
-433
85
633
819
-184
988
992
-862
1112
666
-963
155
1313
1110
83
14
650
-1435
-1022
-653
-1351
-1367
532
60
-782
-450
352
975
-508
-1375
-1174
472
-1595
1041
990
-665
-433
1196
-1327
-662
-442
-924
112
-1571
-609
828
-1206
-774
-1575
-781
-506
-927
-783
-1148
-1315
867
708
1450
-371
1442
1010
605
-156
-486
479
-146
-1410
960
-249
1292
1403
-518
-453
714
-1624
-1046
-989
1603
-1637
465
770
-1187
502
-1380
-643
-832
-860
-219
1116
815
962
-622
737
-746
727
-796
-1632
1509
545
-844
-229
1564
197
813
11
-947
178
1456
-634
1520
-247
-1284
-483
-1012
-486
-192
-844
1484
-47
1244
1300
-273
427
728
1023
-1115
1184
-1176
-1052
-98
536
-1287
-1262
-261
-1634
699
77
-1538
-971
914
1540
-125
-534
205
92
-203
-158
1000
-1081
-1192
-932
-1174
893
353
1096
-1034
746
-55
-803
795
-1217
-592
402
-528
929
-537
-1159
1498
-418
-1133
-1555
-1047
939
248
-672
-1019
-706
325
-1061
449
-1465
-3
1347
0
507
-511
-1226
1248
848
-229
797
-666
-1629
-815
-836
1323
-947
-695
181
-219
-1520
-320
1636
-352
832
1331
702
-359
498
-5
14
828
-213
1578
177
628
-635
501
-1203
1650
1335
-1263
-871
-1351
-279
1304
596
-300
747
-1135
-1415
-1048
1316
33
479
-341
722
541
1143
759
-1454
-866
-1230
-11
788
318
1572
1487
-585
886
238
-1461
1594
732
-455
941
-701
275
-896
678
-662
746
-1502
-786
-1111
-603
-962
1137
1423
197
-527
-1538
1590
-1032
1054
-1051
-984
1068
1196
-1525
-1418
-1134
1060
443
526
-1098
-414
1212
-439
1563
-949
-898
1248
-1607
-1126
-724
-332
-1138
-543
1556
-1256
-543
-301
768
-440
902
850
-655
-151
940
1499
-85
-54
894
1284
1557
-1423
702
1415
-938
-789
-371
65
-1218
-79
1004
-945
-518
-554
909
363
482
331
499
-1485
-1087
1544
-234
-214
-1330
-1267
1159
324
468
203
662
1400
-1441
-94
-1574
-1141
-898
-1363
-1630
1066
-981
-658
488
-65
99
-1032
1095
133
-1072
316
-202
-345
-260
61
-1259
-1161
332
614
-783
-1336
1098
-15
449
-51
-437
-314
-1160
-330
181
553
-102
646
548
1548
-252
-1606
1079
-802
-1209
1458
532
-616
388
1515
600
-516
-598
781
-1077
707
1242
-798
229
1302
-83
1648
1072
-1545
-286
-238
685
-919
1487
-1260
1292
-603
-1624
1069
862
-1319
-185
1090
1219
1567
1256
844
-118
-145
918
1310
-400
-292
-791
1361
-1427
-95
1151
-1296
-896
-526
1402
-390
-719
-1320
870
687
-1160
755
-1587
-141
137
-942
246
1425
-282
-350
1568
95
-1415
-701
-689
246
-1569
445
1326
-1488
-114
-689
470
1652
439
1295
-592
-1295
857
-773
647
-775
-581
300
1021
873
-1227
-91
548
-1132
1084
-1047
1558
-239
1209
811
609
-1553
-1005
701
-1214
74
1156
747
845
1174
1174
946
-1214
-721
-281
1203
2
-1648
1124
1044
-872
-1383
513
-447
547
491
-133
-994
-659
1442
1586
585
-1220
-95
84
176
-1557
-1479
-556
1037
-518
-42
1322
-108
-1560
-1066
525
61
1043
-763
1539
349
1658
-1045
1059
-277
1651
-1643
1090
74
440
288
996
-848
-1180
-566
-1579
-246
1482
392
1022
-1181
815
-233
-338
661
-586
1104
984
-22
249
1556
-1078
713
809
572
565
1579
681
-1553
796
-1170
-234
-390
-887
-27
155
168
1411
-610
-1064
1402
-497
-911
1609
512
-407
158
-1633
1452
-1061
-1007
-1477
-1224
101
1015
-20
-1260
-1300
-1171
-949
571
629
599
-317
-644
783
800
-1281
-725
853
1148
1190
-288
925
885
-460
-273
-429
935
1631
-1120
1106
-1626
-1656
843
-207
325
-1559
53
-916
687
1611
-96
349
342
1473
1293
-205
-993
251
-826
-158
-19
1254
1503
560
-582
-4
1552
-1116
1186
1228
-952
-451
1485
-334
-1453
79
-129
117
-1089
-1334
-896
1245
1598
837
1009
-320
739
850
-221
-739
1051
-76
989
-873
-424
1271
553
-663
1181
329
1412
1574
676
96
151
667
-1349
-1324
541
637
-503
-237
-1131
1589
1624
120
1085
601
1069
-1596
-1154
-855
405
14
-1268
-437
967
-1632
79
-182
-245
879
1442
-999
-1632
719
-1595
-313
1256
-718
520
795
898
1567
-1413
-1290
-1081
608
-1126
-691
-399
-1577
1280
1400
1592
1321
812
39
-934
777
519
-35
150
741
-156
122
-1285
