102
-514
1156
-1228
187
1393
-818
818
782
859
-1583
1493
1118
-426
522
1355
493
-653
-1141
-1336
1073
-16
-1101
-1108
342
-537
344
-849
848
294
-1402
-485
-108
1383
-1612
-390
1075
-1508
74
33
-653
-388
-1595
1488
300
-1300
-341
380
-1204
159
-1401
1548
1125
317
790
1270
1344
-1282
-1177
36
58
51
1571
-103
739
5
-1612
1363
-1326
838
-1544
-1425
-1366
-769
-566
-1084
-1635
-1284
-1281
-439
704
-743
1366
1251
-903
-250
-604
-1086
-1656
-1383
66
-391
896
31
-898
460
629
1622
1208
969
-382
-780
-445
1487
1360
-173
-251
-756
-819
1171
-813
-1004
212
1650
-670
742
-76
-1411
-1616
-560
1210
1588
-1098
-930
1209
-335
143
-1560
1175
-52
-542
235
345
-1646
-1368
-1355
780
-521
957
-371
520
-841
673
-428
31
-1619
1063
1371
-894
262
868
535
-42
1331
-1588
-1453
1546
-1171
598
-50
-1232
478
-6
1509
-1470
-220
635
-829
1197
1335
-1257
-688
338
-1328
1382
-963
-1259
88
809
1400
3
101
-262
-840
-932
-1590
-206
-755
-1369
300
-1219
1111
18
329
1115
657
1052
1319
834
-147
245
-1529
1001
-1420
586
-1393
552
1176
-156
-542
-215
-1330
1101
-679
-89
349
1224
690
-208
263
160
1312
-340
650
672
401
1084
-88
-301
-296
-789
-1315
-1064
1127
577
1253
-1650
-488
1223
1416
-685
558
-1547
-486
706
-1538
-1636
-23
-151
-1132
1337
238
1385
-1028
360
641
-589
1603
400
-298
-1559
0
-896
-1406
-306
309
186
354
1654
-1523
1345
907
1047
1205
258
-391
-721
590
-131
1609
-973
-463
-930
-1428
901
-713
1569
826
-854
687
1522
-1060
1211
-505
-1122
-1134
-669
865
-314
-848
1290
-1035
-624
-224
-748
1314
-1294
-1499
771
1428
1027
1149
1641
1005
795
711
-912
-207
414
-876
-114
508
-910
1465
-977
931
-113
178
523
834
-1117
-1173
1480
-946
-1317
-1442
-602
686
1160
1623
-1356
-1052
-52
1291
1547
-212
-698
-473
1211
103
624
1496
699
-138
718
156
826
-654
-632
1406
296
-56
996
1223
-1265
-1421
-311
-450
1438
805
-23
-774
-969
1489
1385
-895
1304
-948
1213
-919
-713
1522
-592
-1067
869
-720
-1222
-1530
1201
-571
311
-459
1621
-1626
-809
-1454
1567
-793
692
1007
-316
1447
276
7
1445
-1051
1562
-857
-377
336
675
-1146
1401
-839
-225
1365
-872
376
1233
360
-1474
1340
-1612
544
-643
654
-905
1453
-102
427
135
1544
-1203
-1489
93
102
-27
1404
865
-575
-561
-804
720
-1473
819
-1104
-535
1086
1335
-479
1651
283
505
1574
-629
1238
-458
-1306
217
463
53
1138
1002
-458
1342
-1298
487
255
282
1378
342
-181
1033
11
97
-707
-1511
-202
940
949
1241
848
959
1483
1515
175
1275
-1438
947
1228
-636
-1374
-1132
980
-1177
1250
924
-443
-990
-1632
-1563
359
603
-591
-522
1156
-542
-1491
400
1165
-899
-1223
1350
1185
-970
1259
1441
-458
1453
-110
-487
-1378
-1571
-1019
-817
-648
-1033
-538
977
360
812
-1505
-31
1367
-369
949
-1447
-1023
-642
1175
334
1647
522
299
896
-716
210
-962
-940
-190
860
603
-74
871
-1606
-48
-995
1181
-217
-769
888
74
-1654
-869
1376
842
-767
-703
250
-974
-1569
-1633
-281
-1259
1601
-681
-1654
1371
-394
-128
-1368
-187
999
601
-1628
674
966
-816
11
-357
105
-1629
-206
-1616
-462
997
-836
-5
1255
1476
-1423
1550
524
497
1145
732
-1298
131
-1025
-1132
-813
181
1102
883
-328
235
-265
1179
1512
1501
1092
-1382
-14
-262
-544
-913
1306
221
-665
1070
-157
-1110
-672
383
981
1521
61
655
-1257
129
1295
-887
-1400
385
202
293
-1115
846
1457
-768
-123
-760
533
-753
309
-785
-532
569
902
1133
1278
426
838
-320
447
-670
-1662
-868
-1185
1153
847
1409
367
214
-619
1263
802
-801
1167
733
1290
1102
-691
-1002
-206
-630
-62
-757
1597
-246
535
-1109
852
-1406
-1221
1187
733
737
-777
-1428
-712
-1579
-121
-1662
-325
-1480
-1043
351
1277
1064
1626
-961
1047
1503
-1465
551
305
-345
-855
-513
215
-1105
-900
-888
-89
60
801
-1229
-1184
-1408
929
-394
-303
101
952
-218
-1411
18
1003
-793
559
795
-1443
-248
1015
121
-382
1329
440
-442
437
-577
-863
-923
-885
-1396
902
-640
-1444
-767
1011
-983
1609
-1002
-175
-52
762
1534
-739
672
1080
1052
996
1071
1533
109
1634
757
-784
640
-994
85
-1109
741
-1076
-641
486
-957
-1372
-1344
899
197
658
-678
-548
1319
-995
1214
338
1201
495
144
1286
-1565
824
1011
-152
257
462
-937
319
1040
599
1594
-375
866
411
745
73
-1662
353
419
638
-493
-1309
1662
1649
589
1610
325
1202
1632
-1424
-1589
920
-577
-1598
149
-372
-831
-543
-1558
428
1280
-1405
-532
949
771
-409
619
1154
-731
1608
-1331
-1303
-561
-81
752
1572
1624
-919
-1087
-179
1557
-303
-1005
-1067
-839
-1260
-940
-1421
-688
665
-1553
770
-755
-1170
143
370
1020
-1450
-63
-136
-914
-462
1026
-1604
1513
971
62
351
1197
1033
612
-902
245
-539
-161
-1302
-73
916
-411
339
373
-771
-1349
544
-138
-1549
-1534
-1261
-916
-1615
1452
585
-1038
-773
1272
1535
904
1633
-156
-891
197
403
-1177
-1018
-189
-1174
-709
54
1100
1071
-1114
787
1306
1133
-1189
916
-376
268
1489
-848
1425
-1075
-333
-455
1499
869
-1565
1598
-976
1119
798
-1099
-1530
-34
-1125
-902
-998
-1662
1055
1182
-196
-1180
-1581
-476
188
-117
448
-904
1213
-1651
1043
990
-753
1123
-143
-44
-588
-1445
-83
988
1401
1049
-1261
1549
-493
-738
-988
-494
-289
1127
-104
1238
160
-695
-46
-580
-175
-1429
1610
658
-96
927
-1013
-601
-1069
1353
702
-1006
-477
-296
1650
-1388
66
75
-126
1245
1046
-607
-1570
232
747
266
-1177
1125
1404
1316
-677
342
-545
-608
-1189
-436
606
-480
1568
1115
-477
1126
57
984
-133
-1176
787
-1244
1412
-76
376
-1030
609
383
-994
1343
-908
-29
1018
-1567
-537
884
1656
558
786
756
331
243
526
1512
41
641
-1627
-332
-24
1084
-522
1126
-677
751
466
1208
773
-936
879
-292
362
-673
-1280
-1487
1253
-240
625
-725
-618
325
1197
-168
1401
-536
-794
-971
-864
-628
-1447
-797
-412
151
-1128
748
1531
1462
685
-1260
365
1161
819
-1233
-556
741
-455
770
1284
-1073
-1078
1641
1621
902
-1643
-1148
-175
-1264
-472
751
-1246
1662
169
-1141
1044
86
1259
862
1541
-1128
607
-882
-1542
476
-519
-39
1571
191
-1338
-726
-1503
-949
-854
-1347
-1145
124
1180
-907
-424
-492
610
1562
-1359
-1200
-1428
455
1264
1118
503
991
379
939
1382
113
286
1317
84
1255
-72
421
-1125
952
1268
118
-877
998
24
-369
-1298
969
-1101
983
-1161
-677
653
811
-379
-1504
-808
-703
364
1121
138
-121
-1422
-115
-1616
847
-1097
-698
-1102
-1404
-1642
-113
753
574
-732
193
-1563
1205
1489
996
279
-1514
-293
1539
-1419
-1599
242
-455
1116
-1360
119
1284
-1119
-882
1537
1507
138
-276
-1535
-1532
-693
-882
-800
-225
-198
650
-83
1659
1041
-947
40
1280
1401
-414
767
-381
-1612
-102
834
68
1318
429
750
-921
-432
4
-1181
-1145
1173
855
1606
1261
-1098
396
102
-503
-496
503
-901
1478
651
-580
-322
-1605
1448
-518
-823
-1009
-890
556
-691
-1236
-1378
-739
755
999
1444
1646
1593
-1211
379
214
383
315
-760
-681
-1421
502
513
1261
259
-79
-1143
-1044
1116
552
491
988
1307
1585
-315
640
1535
1367
-349
-857
-639
-1522
-1266
818
806
305
-313
443
-459
-977
-497
-1524
-1223
-1190
-135
339
-381
664
1472
-56
-1618
547
-804
1017
-1336
1575
322
-682
361
-34
-80
539
322
-1128
-1330
1176
-844
-785
1368
471
-306
-71
26
1345
-291
-1203
-1584
1442
-14
661
568
-1161
-71
683
-1463
-130
-660
429
812
818
1132
-1092
-852
-360
-1
1649
-1496
160
332
-1599
2
-889
-1573
-379
-312
-367
1663
-1295
96
-99
-1025
-1129
-463
1353
-1004
1406
-1479
-1357
-732
-500
1055
-1155
991
-66
-266
-1617
789
1221
-523
-877
23
510
-1281
1578
-820
911
804
1219
318
929
-61
1174
1013
-641
82
1121
-1632
-922
387
948
519
366
1023
1271
-631
388
-519
185
567
1366
793
-227
-809
1052
-945
1397
-377
1287
315
341
1609
1170
-793
-173
-46
179
339
980
-161
1487
909
814
-984
366
-482
38
1063
945
-1032
-983
-1645
433
-1581
524
-405
884
489
1385
327
770
382
-42
-745
-1567
1386
-1499
432
-1002
1380
-1571
-1011
807
268
-1552
484
-218
-1092
1213
1240
215
1434
25
-227
956
886
1597
452
-1183
-623
-1614
74
1256
576
177
-723
-264
-1280
-10
629
347
1316
-1634
-1561
-899
152
-1554
845
-1529
905
-538
-1661
797
1481
1296
-124
828
1570
1558
1099
226
1536
-512
-903
391
1271
-508
-1137
-1383
-1065
-457
433
-632
-102
961
1051
-790
-1647
-843
-1357
493
-288
703
1372
1271
-382
127
810
-1368
-250
1536
-1356
1533
-692
-1329
-1166
-246
-917
-1009
-1113
1499
-847
-71
1325
926
625
-624
974
-1097
1252
1412
492
1355
-171
149
-906
1513
1505
-1110
-95
-1578
-309
-45
-28
984
-229
-217
831
253
-138
756
591
1601
1551
-1340
115
-1092
-654
-997
1034
-318
-1454
179
1439
-341
-1503
582
876
1629
-415
-381
1521
861
-1632
1309
-1137
-183
1572
-63
1545
-394
-434
-1576
-952
-1275
-1390
-43
-498
-1524
801
1569
-1261
-350
-23
-144
-630
31
849
-955
1430
-1467
1082
-118
1164
-1528
-970
-1273
-766
-895
-1185
537
-283
-339
-1020
768
1447
1550
1538
1086
360
1637
847
1055
597
521
933
415
-227
-1385
-1294
-1643
232
-117
-431
-1327
1607
-370
392
191
1462
501
-1440
-1061
230
961
-1378
-1116
1462
-773
188
1320
-723
809
567
-876
508
332
-906
1010
-597
-1511
-1448
183
524
-1612
-1045
823
-756
-478
1293
-542
140
-1509
-290
540
-602
1067
1166
-623
315
392
-615
-1369
1114
-1191
1460
70
-1461
935
489
1345
197
-340
445
-330
440
-1351
61
-66
-1603
-476
-1233
1558
163
-694
1626
-325
875
906
1199
-1646
715
178
127
1510
1332
682
1273
-417
-248
1573
-851
1145
184
961
-938
-402
-482
-193
-627
1061
695
0
-1422
624
-36
14
1045
521
1160
1437
-803
-728
1354
1593
821
1437
-783
-1262
-985
-628
-1059
137
-196
1482
1073
-336
221
484
-102
-318
-948
-500
-850
-218
-684
795
-816
-551
1512
-355
-46
-439
841
-242
536
1490
-1188
1496
475
-1202
-838
-986
1208
-1417
1340
-1394
1399
-1623
-589
-1584
-1661
263
291
5
-1433
-128
-597
-1628
751
-1390
-490
1633
-1377
-1240
1374
1648
805
1354
-674
-412
401
-577
-992
336
487
947
-575
345
1565
896
758
416
-1171
-1296
-1059
1184
-854
-1135
1491
498
-894
-575
-829
-1412
-135
12
25
-34
-333
1545
-1576
137
271
1510
-785
-612
-447
1623
985
718
358
-1582
-1224
-1073
-1187
384
-1241
697
1061
408
139
1438
-397
1591
1656
-1507
1005
1412
1057
347
-900
-41
1371
1073
-1334
-149
546
-333
-943
-86
-164
448
-793
1444
1549
-620
-322
25
991
-1583
-996
811
395
617
1585
-1235
632
-234
-670
1595
1424
201
136
1340
-1569
-1049
-632
850
-844
-1329
-620
-657
891
-297
1244
1393
208
-128
-905
-1337
518
1478
1116
-322
403
1536
-225
1042
-44
96
1630
-510
-935
-1154
1068
-746
-406
250
-484
-1430
-586
539
1128
-881
-84
948
-711
-834
-122
1134
-1394
-1289
536
1172
908
545
1654
1556
-1405
-1406
960
-301
-921
-1623
73
-619
-956
579
-984
-69
-1142
-90
-764
-637
-1170
1445
64
-1185
-1562
1346
-480
561
-765
637
1535
595
-1619
-1243
-932
26
-788
439
405
-90
-1254
-916
1628
1442
1416
1014
-624
-693
1398
-627
-953
150
-981
498
122
1
-964
708
1026
1662
902
450
268
251
346
1561
1284
382
1472
144
-1456
-744
1376
600
-449
-484
525
-741
1434
199
-559
-129
986
-943
677
568
1088
-539
-162
573
-1155
-927
271
-1309
783
-1566
-860
151
-1100
-332
-1100
1156
-868
1550
-1236
152
131
-1180
1425
-1233
609
-1433
143
362
491
333
1074
1285
434
841
-945
-1211
1639
504
-258
1546
593
1570
1395
1311
1335
737
769
-876
-676
1145
-213
184
1370
394
671
-1622
1337
-148
1282
-145
-48
-264
-1480
-1317
808
-555
93
72
-772
51
-244
-1273
435
-87
-983
725
620
13
-1602
589
17
-760
41
-521
1286
-274
-343
691
-1037
235
-920
645
-550
-876
1249
-791
-1350
184
-350
-1153
946
-1100
-244
-1135
89
-61
-1081
-1190
-374
-1469
1637
-677
-356
1255
-591
-1176
679
1364
253
-336
-1100
1415
-328
-950
-925
-1101
863
825
-1332
1272
435
1266
-968
-1417
-1262
495
-65
-1452
742
-470
-885
-331
-605
450
-1614
-566
-727
1519
-966
813
536
-746
-148
400
-1308
-216
1107
-1237
-1444
-839
277
1396
-944
108
-900
534
-1531
-1099
1664
-801
-431
-1546
1659
452
55
-677
-1045
-971
-1355
-1292
-846
-1467
-1048
232
526
1245
-620
73
-554
1289
711
1017
-419
701
108
443
-312
-1380
-1319
570
1379
1158
-441
-1511
822
1284
1243
823
-351
-533
-665
-1459
-1014
-313
248
-990
206
-226
-1508
-150
-392
-1188
528
754
-1074
1231
-710
-1151
-959
378
-515
1365
1137
408
18
142
-1167
864
-1123
588
48
-724
-42
632
-68
1005
-994
-1029
-1138
-1398
-1152
-135
-995
1157
-522
-813
-473
-721
-1318
1025
1433
932
117
1398
736
-444
-1477
1590
-1451
-223
-173
-1540
972
-1192
-953
-1254
86
-646
1018
-1590
1042
-280
-1037
1330
-1132
977
747
-710
-287
-609
454
-538
837
281
1352
436
1371
-283
498
84
-713
-1228
-392
-197
-531
1456
30
-307
-27
1526
-1143
1252
-81
-1474
1342
-1285
-327
1528
-1096
13
393
-754
622
72
-1278
-1118
866
1449
454
-395
-1387
-331
-221
254
-1359
-1647
842
-1237
306
-232
-341
-105
52
417
-27
-835
696
-44
536
-1264
-519
1440
-498
1288
1250
564
-82
733
975
-1273
1479
1214
-813
1646
-1551
904
1323
1009
-1107
-424
1191
216
-1496
-1506
-21
-491
1024
77
1197
38
856
-694
551
750
-1624
-962
743
1551
-396
-1433
-215
1135
-238
-725
773
489
642
1180
-400
-239
-83
-1575
-209
-1449
774
-1555
-1533
1048
650
-622
479
215
-673
-1590
-1316
-665
299
-70
-673
-567
-667
-968
1027
562
761
-1120
-760
-562
-1254
-58
-1282
-1222
1652
388
-1552
-812
791
1092
-116
-726
269
207
711
-1400
-273
-814
-407
534
1248
1062
-162
-104
1140
-1400
71
1338
374
1377
985
546
-338
-1464
450
510
-1543
-783
1199
1180
1639
-19
-204
689
-320
459
1493
-857
-660
1132
1113
1518
-1077
-462
262
-908
1296
671
673
-637
1384
-939
-513
-369
-722
-1483
666
-1542
-1257
-1338
198
1255
-1150
-434
-1399
-513
-1580
782
469
144
-213
559
-716
-538
-686
1213
1404
-747
682
-1226
1481
675
930
759
424
1383
148
-321
-1659
-1046
-670
1007
395
220
1462
-797
-465
-587
-1148
212
775
1345
-712
-1450
-1659
-713
-1242
173
-10
749
-1340
1096
1253
-151
-513
434
-1372
1345
1258
1614
403
443
226
1504
1358
-1358
1033
-1445
1209
-441
-1339
108
-314
-1018
-1612
375
1262
-96
361
-1277
-939
5
-925
531
-779
-47
-973
-1493
885
-1312
-523
1009
-308
1395
1183
887
14
956
-1278
-421
-389
1398
140
1602
-332
205
-502
-1398
216
267
258
1037
-1542
-62
1279
-281
1196
1195
-148
-1377
968
-424
1354
-529
-1273
919
889
-78
-920
1078
-1165
-1191
-675
-1118
1226
1253
-459
-649
-1416
-1479
-1148
-27
-553
-87
-1031
-1232
-1645
660
610
1136
-213
-215
220
-580
858
789
-1048
-620
298
1336
-1414
-1243
-537
-1071
-607
484
1351
-1019
793
1142
-165
-223
408
-470
-1580
-197
-113
182
185
991
1627
1535
-773
884
496
147
730
1480
-440
-320
-1408
1638
-1546
290
-1134
-1287
696
214
-1349
-1401
792
-1134
-1460
382
-1198
-1660
256
-1212
-1473
-1604
-577
-565
-308
-952
208
948
-995
1318
1474
576
-487
1095
-913
-854
-153
-179
-23
116
-605
-495
426
-224
704
1018
-1415
-1289
1490
255
-1050
-760
-337
-40
-1308
1028
495
-363
-1275
-141
1187
-654
-118
821
-1590
-1578
265
-1037
84
550
9
-1090
-1060
-1624
-1541
1401
757
-1257
526
-228
-1428
-1435
1132
1615
1419
930
111
-1296
-99
-887
1334
1329
912
-1489
990
445
264
-1557
1069
-1363
-1034
-1399
1167
-478
634
-433
1382
627
-663
-1087
50
-1192
-135
477
342
854
-25
-1319
1541
1397
515
-1564
803
751
10
392
1337
-1316
-941
421
-623
-1476
1492
-1193
-394
1454
-70
1468
1344
105
-1472
777
1105
1477
989
74
1369
-398
1612
1326
142
1306
-117
1647
492
-897
-1090
-885
705
1479
-1484
-314
855
-246
1200
-642
1431
-375
-67
101
937
899
766
-353
100
1587
350
524
-244
-299
-1645
-1346
783
1406
1624
-926
724
754
559
1366
1261
469
-762
-82
-1625
-1620
-1209
936
-1406
961
296
-694
308
-50
-5
-1247
970
1645
1022
-595
-210
-431
-780
1440
1654
-1264
-817
-1166
-1250
-226
664
-687
1275
-1418
441
776
-162
757
-777
253
1100
303
-404
-179
1535
-654
-843
246
1541
864
934
1213
1217
-1092
1200
-1285
-1559
1504
1513
867
364
-870
238
-1219
-63
213
342
422
1227
1115
-1249
158
388
-1116
29
-698
438
96
632
-508
-1475
990
1600
1196
-1439
441
818
323
210
1557
499
159
636
-1393
1570
-685
1474
350
1515
-924
-817
-1157
385
542
9
-386
-1504
-454
358
-1319
-2
1417
696
-1224
818
145
-1303
-1345
233
-1210
193
-1233
-50
1279
242
1509
-1471
43
-1129
1213
-155
1085
869
415
1006
-1235
919
922
-1431
508
-200
292
257
-1248
45
451
-286
-200
-424
1074
-1451
1336
1238
467
-1255
1612
-112
519
-697
-926
1484
527
-999
1415
31
-1343
717
420
-1009
1527
406
927
216
563
1327
-1454
-588
645
785
471
396
-1631
1440
229
-1224
-295
968
42
-1300
1481
-959
1046
492
-777
-1596
775
721
749
-1591
170
-953
-190
-185
1292
-1501
-1197
-943
-768
-576
-1602
1259
303
-652
178
-209
-402
731
-989
595
-794
1171
-194
1598
-1607
-1634
-926
-936
935
-586
1422
-497
988
-1335
-644
-897
1432
1000
-199
626
-472
275
1245
-1532
-612
772
-1032
844
116
927
448
926
509
-1465
4
-390
-1166
-1052
-1552
228
1600
-152
211
-795
1412
159
-668
461
1593
-857
-1273
-143
874
-316
-1118
508
1541
-529
103
-284
-1053
-400
217
-1481
856
873
1348
-1256
-386
210
1155
251
-198
-1504
1019
417
1040
-354
1019
-845
1432
145
1327
106
107
-913
355
1579
987
229
-1321
800
-268
-732
-1412
272
448
1597
363
1180
-1485
1000
-193
-435
-747
-510
483
1531
-1543
1427
1525
-632
114
-125
-872
1131
1548
574
1639
746
141
1265
1201
900
-1442
531
-376
39
1401
-266
879
-1530
1543
1242
-418
-648
514
1236
-265
-449
838
-590
-1595
-1140
472
-405
-125
-354
608
485
-892
1570
962
-341
-1640
-1620
1281
-568
848
-1529
-756
-1654
273
-242
-1369
-145
75
-258
-97
-380
-1577
-241
1155
1254
-1254
-1387
-1347
562
626
-749
520
20
1037
-1089
-1110
-492
1626
349
-1185
843
839
77
-201
-663
429
650
1433
-68
-772
800
-1612
1255
-411
-1404
102
687
1229
-1051
800
-402
-1140
-954
-1292
-24
1343
-991
1088
-666
761
49
845
-1013
141
1326
18
-283
-602
-719
1301
774
1157
-1464
670
-1492
-1558
-1073
-1176
-648
156
217
969
1281
-33
1543
1127
1146
1278
-119
-56
1490
926
-68
1246
846
867
158
-1503
-1245
694
1357
-1021
-409
-620
72
-1489
-641
964
-212
1362
-36
1173
-765
-1142
454
440
-1497
1089
-1652
792
1126
-478
-582
1509
-304
948
-1617
-977
890
-486
117
1127
-725
-774
1285
1201
1368
1465
-1105
1057
-1478
-1140
-1209
1340
-1426
-1223
-569
-1019
-1391
224
135
-17
-447
975
885
-1516
-1085
-1579
-1394
23
-984
1626
1252
609
933
-624
-456
1120
1174
-504
-664
-831
1069
-1009
143
1034
-1403
950
1427
428
-547
290
1062
1216
-1648
-523
1229
-243
-1644
-1020
220
-180
-306
355
-109
-1005
-1449
205
713
-971
-1171
1019
-1031
772
588
-641
323
1186
990
-663
-38
-928
232
979
-824
1637
-50
1567
1141
334
-980
-1173
-1636
-493
-1129
-1010
-104
1359
1484
1492
-384
343
712
-1515
-1350
1386
-1407
1312
556
605
1058
-635
-780
796
1605
498
1093
-573
367
1150
-508
1174
705
-803
-1179
71
-386
1461
1408
-973
1551
-96
-781
966
-1476
1355
1221
-1598
597
763
66
-850
277
1559
-781
166
236
554
1473
1010
-1137
902
-727
1090
-1272
463
-1053
-206
198
1640
1539
-999
1009
-1495
-840
-916
-1055
275
167
-531
-769
-832
-1331
1186
124
926
-997
-1172
576
-335
-25
-1064
76
-1477
1343
-607
304
-349
-132
1311
485
-1229
324
-322
1644
-793
540
-1284
1100
-1316
470
-112
-1204
1442
-224
-64
579
1366
-1504
-74
190
-512
-1528
-1396
-88
-189
415
-412
-231
1256
-1577
-1304
-1419
-915
-1123
-784
466
-1486
-117
1307
1278
-483
-89
-314
-1305
787
214
1383
-369
23
-1202
-12
-711
-1433
105
-98
1075
103
-72
-1234
-1583
1185
-979
-359
1489
-576
-866
796
-318
1402
-1250
-472
-82
149
-20
-736
1025
-386
1539
-96
-1577
-384
-1564
-1052
-521
-8
-612
1245
-47
-139
428
-1511
-1424
-23
480
-1485
50
1613
1295
-1116
1598
871
1191
1013
1427
-1153
538
-337
-1094
-864
-647
844
-355
-1265
268
-1480
-520
1159
649
550
-642
1452
-425
-544
1134
-229
746
1466
-606
-694
-938
-917
1473
384
-1010
-705
105
797
-818
-1318
-317
-495
1231
1040
940
1471
1456
-759
-1053
-700
-1260
-276
-802
971
-1096
919
383
894
598
722
-1388
-904
-992
865
-1325
778
-1326
538
1073
1172
-696
-835
1412
1040
1002
-1485
-1103
698
-1417
274
1047
-876
822
-36
-1340
1309
-141
-1370
-1479
800
-1628
1312
1565
1534
-574
-354
24
-360
-593
1240
413
590
1127
-933
-1004
-131
-743
1345
-1442
-1394
697
229
249
-1191
-395
657
-725
1352
1275
-838
-875
1072
-1188
-1304
-407
-349
1567
-735
-518
-1248
-1521
280
-948
-1659
543
1060
-932
-1146
-1622
-1663
1319
-167
-699
840
-728
-1439
-752
1448
-228
424
-342
349
883
304
-851
311
271
-176
-221
-1022
-314
1536
-788
1614
280
-1277
635
-1352
-746
-405
-1434
-1369
179
-1415
-1294
1245
-1048
-709
-1223
665
97
1543
572
-1096
-90
591
-744
-1585
-1033
-165
82
1292
1580
629
26
1105
1157
-223
540
-1261
-594
-864
-1553
352
-578
745
-1467
-1168
-249
-680
-72
-792
915
-814
-257
601
-781
1176
-1104
993
205
1197
-36
-672
-1657
-1551
-580
-589
102
1459
-508
720
-985
1286
-839
1542
-846
-604
-1159
166
1541
502
-1105
1420
26
-921
85
-461
887
1385
1488
-577
-164
-21
998
989
555
-601
769
1372
-125
839
1456
-954
1236
692
-532
254
-123
-200
1489
572
-741
900
633
143
-624
-521
439
304
1533
-1199
-1520
-1120
-512
584
1503
-612
-507
584
582
1061
-242
1061
1010
-1247
-874
1568
-479
1279
-327
1562
-461
386
-1127
-90
1100
1617
336
1098
1322
-804
-98
421
1124
532
402
484
-797
-273
328
553
694
-1273
-219
-126
1582
170
473
-906
-1427
-590
874
-450
-333
967
-148
1366
1318
1558
1448
732
-1553
804
-1472
-289
-239
514
-694
-1585
-381
1224
1057
1545
690
1412
-473
-907
1078
1592
1507
-1186
1044
-245
-653
164
16
-228
-978
761
394
1387
1651
890
-1543
-27
83
-30
275
784
1376
331
275
741
-1020
979
-358
-1430
670
1399
490
1476
-1347
-242
733
-1427
-1559
-914
-1162
-1320
1500
722
-1100
-1084
-1445
-896
1394
618
-458
1188
889
-369
-923
1355
1124
170
731
-1069
-1473
-1402
690
-1618
-1036
502
-588
-1231
-830
1043
231
-724
820
1166
-1462
-1197
-694
38
-223
676
-537
922
995
-639
-321
-688
-766
-530
-1420
-324
1405
1037
1516
1611
-1128
-1297
-949
-946
-1171
672
-810
86
-969
1022
1469
1130
1090
-179
289
-282
-231
-901
1339
-1192
464
1132
-590
1088
549
-795
856
-896
-619
-1464
-303
957
-1484
1384
-494
-1264
1399
726
-363
-677
15
454
-645
-891
887
-361
-661
409
-128
-1188
-357
1291
867
-517
-871
-789
-320
-573
450
-597
144
-924
1563
-145
-741
1563
-605
148
1200
-1637
-357
-1151
1084
-115
1115
1392
-577
1099
1092
-37
-107
1257
-1449
-1507
-342
1347
1125
1145
917
1364
-369
-1649
-932
-632
814
1499
-129
-33
976
-892
-164
266
1150
-704
-696
-520
1634
1201
-1559
-846
-1165
907
-1048
530
792
92
-178
746
1196
1437
-609
759
-865
-1536
1541
1400
647
-1573
1155
-1144
-1594
1610
196
-1461
353
-1203
-587
1448
-214
1385
739
-584
-723
-1148
-365
1619
695
-7
599
-890
537
405
228
-1355
-814
-309
-265
529
-1399
-1599
-1222
95
155
-872
-1108
990
769
-635
-91
-428
-301
1489
505
-1349
532
-680
-308
-799
1509
384
-158
497
-1212
1521
1147
278
-317
-805
-1152
-218
142
-386
593
883
-1026
-933
362
-1416
-345
-292
-1284
-440
694
-291
1058
-1517
-39
-469
131
92
-205
1449
-1648
-119
1226
1024
1663
1658
-1475
833
13
-89
-902
-1494
1472
1408
-1423
866
1367
-1388
-431
-496
1420
1433
-216
-1660
-1151
107
-776
-1452
1273
277
1244
-253
85
-53
-265
853
-278
1653
153
1304
191
-1293
-183
-696
-1346
246
-928
-1421
-418
-469
1102
-529
-668
-1637
-1313
-457
-515
-508
-105
113
1122
357
580
-451
1482
1657
-154
88
-366
-901
-959
-799
-973
824
-289
200
859
-666
-1174
247
-657
318
-226
730
-1427
516
-1458
-1144
-124
87
1586
66
2
1040
-816
-475
1026
-94
1419
1319
-1199
-1261
-1118
352
-1658
-1560
-545
302
693
1407
-836
1497
1411
897
-3
334
-533
1234
1355
36
1333
458
-785
-951
416
757
-603
-1314
-1543
403
1502
-908
786
-1477
-886
-525
1419
1071
917
-136
1039
267
-966
1333
-622
19
1098
-1562
-868
-719
875
650
59
126
757
266
945
-388
-692
-1226
309
-103
276
158
-1461
-296
-442
-53
548
-658
114
-1344
361
26
271
-288
-135
965
429
1621
289
-932
-332
-903
-412
1198
1426
670
40
814
1553
-1063
-341
-373
660
264
714
-1608
923
1101
39
-1218
-853
-240
345
455
712
1356
1437
876
1182
-37
973
-1565
706
-665
402
-180
407
-875
1653
1586
-1452
651
1103
634
1088
-927
-389
720
1187
1023
341
196
-1061
351
780
1066
1197
732
-624
1374
25
-936
-201
-299
-1279
-1303
989
-949
120
744
-418
-323
358
-1489
8
1312
778
164
131
910
-843
-1497
-1648
1558
970
1116
-324
352
-100
594
867
177
40
805
-855
-678
782
514
-944
-496
67
-468
-1137
471
1422
915
630
1181
32
1023
336
-995
463
-959
-872
-1477
1028
-1095
1272
1052
852
-1017
1107
1359
1282
-1469
1302
599
-1431
519
-54
1506
-399
1126
377
-294
-1327
662
1477
791
1142
541
1494
-1519
-1119
841
1421
283
-1274
-788
-1513
-686
42
926
-12
811
665
-647
-1286
-502
132
835
-1514
-49
-916
1277
-740
-704
-562
1662
291
-274
-1622
1036
510
60
-1240
1438
1410
-1023
-894
792
1258
608
1071
1602
986
378
-513
-444
-1522
206
849
-886
708
-962
-846
-529
-546
1159
-51
-1008
-1016
-339
-235
1225
-1529
-983
859
742
470
1493
793
-1522
-1120
-1021
1171
1212
-1124
529
-1197
1410
467
-227
-833
671
755
1659
-311
-983
-1285
-1424
247
703
-1385
-1549
1001
491
-147
1507
344
-1516
-1299
-37
-1154
-1103
-385
1334
-616
-1349
740
1634
1378
-195
-153
-753
1496
400
-1013
-732
245
1344
-818
-1569
1488
-152
-1034
-173
1509
-35
-723
-1299
590
423
-1442
-1373
-655
-527
-506
-1467
367
-61
-1202
1163
874
-1421
-283
1066
1582
306
-1091
-1157
1484
-101
-1562
-276
1547
571
-704
-1231
-1609
1410
-1493
-945
-903
220
-32
-969
1326
596
371
-1552
341
78
-785
-1600
579
-1076
-480
-979
-670
43
-681
-1647
1234
-942
157
-388
-31
267
902
-1549
716
-780
1333
-1341
-534
-1462
-1548
1109
-1568
-259
-1411
1207
1264
1286
648
343
-9
1231
-232
24
1448
516
-1601
-1132
-1292
-1484
1571
985
1521
111
-1594
404
-280
-478
1654
576
-681
-158
-1541
1001
-1267
639
-224
-164
-848
907
-75
-1109
1571
-484
1426
-776
-767
1186
-235
515
926
-63
-854
1325
1432
-1145
-1410
-492
-1548
-1589
-1437
-1478
-831
1370
478
-361
-1579
1403
53
1163
-1070
-665
843
124
765
259
-437
1620
944
-1257
-811
674
-1303
1643
-955
-533
-1558
119
595
1355
-1280
-476
349
-693
-1220
688
1573
603
1299
-438
387
558
-1497
-502
-1208
-247
-1552
550
449
1659
-663
-5
520
1477
-753
106
-1196
894
-400
313
1058
-556
-970
756
1103
483
-459
-560
1619
160
-252
64
-535
-786
-313
76
-891
-919
-1128
397
-1280
1553
-874
743
-122
-1035
-1477
-14
346
1580
382
880
339
-235
-647
-680
1628
286
-1633
-124
1452
-1450
-368
1377
-382
-1464
861
-1555
-287
-1023
-1156
-1327
515
607
-337
449
1293
1413
-902
1017
1326
1324
99
-196
-605
1494
1540
-1401
265
108
216
798
1563
263
-845
-1479
-1431
1397
-649
-46
1625
653
-156
-1234
-1239
-1135
717
-1189
-1153
664
-1087
1333
-280
773
-1149
1108
-1128
1215
-463
-55
325
302
-1079
-600
-1536
-813
-1519
-1377
456
-1650
971
-67
-1550
-189
973
-1609
-572
-107
476
-71
-192
-908
-1361
909
-74
-358
1395
-80
-1139
526
1223
-724
-558
512
-615
-1166
190
1400
783
-1110
198
-1556
-1028
-1372
-20
-1475
430
324
1232
-1502
1315
227
1095
1566
398
-1399
-302
54
-1544
412
-482
1486
1549
-1499
1334
1361
-1595
272
-1193
1141
-1175
-465
-578
1187
993
-1079
148
-492
241
-537
-1097
-373
1244
269
-1159
-969
-970
-232
-34
-292
-993
-601
649
-803
666
-46
1122
139
517
1238
362
245
642
-1617
-1563
-941
1589
1041
949
-803
20
-308
332
-1475
-1355
-787
1196
-1513
207
122
928
-796
1264
-718
412
563
21
777
44
-603
-314
-1276
1067
1271
-310
-869
-655
-1539
1226
-436
-48
-739
474
1326
215
687
582
-1427
1395
-24
-1241
-1061
-880
1028
-1461
841
-232
-844
820
-1161
-1392
-356
-510
1293
484
-810
878
469
1045
-280
-435
-57
829
357
-659
296
209
1546
472
-316
-903
7
-1422
-211
-220
-619
-838
-1319
-1159
-985
1046
-1331
679
-252
-1585
376
24
-997
219
-172
-1425
-1418
433
-1608
31
1198
-1302
143
524
1498
-1221
-1597
1230
303
-1421
-1445
-983
1617
1190
376
723
236
-1254
74
1139
1609
-206
793
-95
925
987
-324
1523
-860
-593
-1036
-1276
1451
-414
-999
916
559
-641
1370
125
-1640
-1323
-345
-966
-1171
-160
-335
-72
559
-854
1510
1404
735
-733
-1242
-1322
433
-1049
1630
-364
-77
-604
887
-541
44
-1331
-492
-397
235
1403
1334
292
1190
935
1638
-1233
-621
-1632
-1100
1651
-1561
516
1090
-1031
1604
-1138
-140
-1617
-695
-1391
32
588
82
807
837
959
-223
1021
200
671
81
1247
-846
926
895
-516
-896
-782
-145
1646
-187
729
23
-1527
-1573
1108
-1177
170
1242
1174
-1186
-1383
1651
1399
-177
-763
966
897
-795
-766
-333
-282
-1053
-434
-157
-382
-373
-703
-1275
962
-111
-1652
-1054
1073
763
-984
-365
-1484
-447
1280
-1060
460
773
1144
601
-726
-993
2
781
994
-529
376
-1266
299
1487
1038
-405
-201
-1213
2
-795
-698
125
873
1372
97
-196
74
-1380
310
1601
816
412
-319
192
1288
-127
-920
-85
279
-449
-683
260
661
-902
-677
301
740
-895
-1230
581
738
786
-1053
659
738
-1362
-421
1641
-863
749
400
1482
100
723
999
-728
-1010
-478
-122
-1152
965
-1282
965
-978
-442
-714
-559
-375
1525
778
1193
882
-502
736
-247
468
570
151
370
-1254
-630
-768
-331
-1050
125
-38
1096
758
-874
403
-515
-459
-1032
-493
-1535
1054
-1062
14
-13
533
654
-155
1448
-226
21
-56
-805
115
-875
929
-558
-1458
-251
-868
-1570
-422
312
1024
-29
-435
-815
-532
1143
-72
522
-710
188
34
-429
191
1063
-1139
-1
182
463
92
1565
-567
-1023
345
-1230
25
341
1625
-597
36
-1163
-1065
-1420
-1544
1574
180
-438
1353
839
925
-1325
278
-794
-649
46
177
-1337
-243
-334
-1522
297
-679
1379
1651
1296
1626
1254
643
1227
-1460
70
-1333
859
1263
150
1240
-321
-947
-440
-1001
1045
-419
-391
-706
-740
-1305
-1309
1464
-274
15
1314
-845
381
5
-86
1192
932
221
1365
-1246
-1222
197
-1309
911
-1550
-919
-1414
869
-481
278
15
1146
-294
-637
-393
-658
-605
214
1396
-891
1270
-350
-165
1629
712
-1461
-786
-1016
161
568
-884
-1223
650
200
1371
-543
1625
-1545
667
293
1255
366
-720
-463
-755
29
-1384
-1198
-354
744
593
-1415
-75
1276
-288
-1406
-617
-837
-305
11
1576
416
384
523
696
1592
-825
115
1077
930
-424
1566
-1071
157
171
564
-211
-1185
345
1176
-658
841
203
-1473
-613
590
-112
1518
1139
585
-1515
461
-1574
529
-1233
-1563
-271
-108
1224
1600
-488
105
-652
290
-365
-310
827
933
304
320
-1517
408
-512
-971
-590
951
-322
-55
-1140
-790
-966
-1380
-310
-1660
1
1461
1278
1448
1409
-1303
-811
714
1601
-1594
524
-959
-1303
1319
-1554
1172
1640
-1603
-932
841
-1040
-672
-1137
-432
513
1463
-1333
-994
36
231
-1122
1363
1516
-202
-225
-1163
-824
1587
465
-1076
497
860
-108
-335
993
-1551
1097
-774
170
573
1560
-464
973
-747
-282
271
876
-712
-499
49
-1117
1140
987
457
-1167
-985
-494
-957
853
1447
381
-1055
946
-480
-259
-712
-1571
-165
-336
141
-1340
682
312
1297
-1167
-99
1105
-1321
-618
923
-540
1492
895
149
1117
-1231
-565
743
417
1649
-1621
337
1385
-282
-417
