29
-42
23
23
-44
-77
-30
-35
28
7
19
-39
-10
-9
9
84
-19
112
10
-13
-6
-51
-26
-24
-59
60
34
68
10
36
-22
-83
4
-3
64
-13
16
13
7
-37
-53
-34
-50
-55
3
-11
12
-86
-9
-2
26
36
17
50
15
2
-45
-10
-53
4
27
24
34
21
23
-33
-21
51
13
-24
36
55
13
1
21
78
-63
26
53
16
35
48
-26
52
-24
-1
30
3
32
-27
23
-20
-4
33
27
-53
42
-13
22
26
34
27
-8
-27
-28
38
-41
-41
6
-13
-18
24
38
-16
11
13
44
9
64
-37
26
-82
-17
-21
-4
-50
-62
21
-59
59
-29
8
15
22
37
56
-2
22
-56
13
56
-2
-1
9
-19
-3
38
-41
41
29
60
-35
-56
-55
15
-16
-7
14
-18
32
-51
-2
33
-21
44
34
9
48
-3
68
-2
45
0
17
-12
26
11
-19
-30
-31
36
20
29
-53
24
-15
1
-37
-12
21
-37
5
-25
-2
64
14
15
-5
-2
-8
13
63
19
2
41
-23
46
34
-47
39
-21
-2
36
9
32
45
-4
46
-10
-58
-17
51
14
29
32
31
12
65
-19
-27
8
-8
-23
-3
-17
-18
-16
-11
26
-53
61
26
-12
48
-2
-2
-2
-65
-65
-4
-33
23
-38
-7
-7
8
15
-20
-43
71
18
18
8
19
-27
-10
-9
-36
-9
-43
-14
52
32
-38
-20
-14
8
28
-7
6
-31
4
34
45
21
-9
23
33
-14
-26
-25
-51
-10
7
-45
-42
-2
-22
-44
-24
-39
36
15
-27
-64
64
-64
-15
-5
-33
-17
-16
63
-60
36
21
-28
15
-47
-47
-111
1
3
-79
28
14
-20
7
32
22
0
-35
-7
5
-15
-32
-15
20
28
58
-33
-12
35
6
-23
10
10
-12
63
-45
-2
9
16
58
22
12
-26
-76
7
-6
28
-38
29
21
-5
-43
0
-12
14
34
7
-1
-33
65
-17
50
23
-70
-35
-30
-24
-25
8
-4
30
-56
-20
2
22
7
23
15
-10
30
24
-24
-5
-13
40
-19
-14
-2
-52
8
-31
-54
5
14
-18
53
-5
-2
25
-1
-5
15
-31
6
-26
10
-28
-49
47
-50
-3
-32
-64
-40
-38
23
-22
48
24
-9
-47
47
-53
12
-14
-52
-37
-1
-62
-23
4
54
-18
-52
-63
-6
-44
-1
6
11
47
35
-5
-8
30
21
5
22
11
-16
39
70
-13
-54
21
3
42
48
27
-38
0
-30
-48
8
16
68
-25
0
54
-21
-7
27
15
19
43
-10
52
59
54
-4
-3
15
9
-9
2
5
1
15
-11
-10
-13
-83
28
28
20
-14
-38
-54
53
12
17
34
-34
-32
-63
-26
-35
-27
36
20
-37
-2
7
-17
-6
16
49
-34
53
28
16
-3
55
-50
13
40
2
-21
-7
-45
-49
3
-12
31
46
3
22
-18
-7
25
12
-17
-31
-46
-49
3
35
56
2
-24
48
15
43
-31
17
15
23
34
-65
-14
50
-18
-42
-41
27
44
-2
-24
-38
40
-23
6
29
-6
74
-4
-59
13
51
-26
27
-29
-19
72
4
10
25
34
-49
-10
39
-11
2
-25
71
-30
-8
-49
-7
-6
21
10
-20
-9
10
18
-53
-28
21
-26
-53
-13
-27
-68
-17
54
-59
-14
28
-6
55
27
23
22
-50
-10
-14
28
-44
-16
-17
-12
-37
-1
-15
6
10
-34
-5
47
5
15
38
3
6
13
-15
-25
-69
20
33
35
-4
-17
46
19
0
-46
-22
26
26
12
19
1
3
32
14
4
48
-9
16
-17
10
25
-31
-46
78
39
25
65
-29
-25
-10
13
2
28
38
7
31
-21
-17
-3
49
28
59
-2
-15
-48
-35
-45
43
17
-21
5
-13
-68
21
29
26
-11
-33
13
2
-40
-13
-46
-49
-18
-16
108
32
38
57
-27
53
-32
-57
-15
-18
-61
-63
-35
8
40
-1
49
2
-6
-21
15
-37
0
-34
11
25
-35
37
8
-32
-3
48
56
-28
-31
3
36
42
-14
-63
13
31
-21
-25
-40
-52
-12
39
-37
-20
21
-47
-27
100
-24
8
44
-33
13
21
-29
23
2
-16
2
36
12
29
-12
22
-24
-43
41
13
1
-80
54
61
2
-19
23
25
13
29
-37
19
-32
2
7
17
-11
-13
6
35
-34
21
73
-29
28
-55
70
-17
-25
-23
103
-59
-19
-2
7
13
4
20
58
-56
-23
10
41
-62
26
61
25
-13
-47
9
71
70
-52
-60
-19
1
-5
-10
27
60
21
-57
63
28
-34
-27
-64
8
-3
4
-5
-19
21
10
2
52
12
-20
-5
-13
-15
89
-20
17
-36
19
19
50
-24
-64
-11
4
-17
7
23
-9
-3
37
46
29
-56
52
-23
5
14
34
-35
20
-1
-25
1
-33
-23
28
-9
64
47
-57
52
-19
24
-14
56
2
12
24
-16
-1
44
-49
21
23
1
8
-8
-21
9
-30
-68
-47
-7
-33
62
87
-30
-10
-17
-14
-46
23
18
24
-61
-2
32
0
47
14
-32
-3
-36
-21
-44
27
-15
24
-39
4
-5
32
-28
7
-22
37
-2
-26
5
-36
-9
46
71
-30
-28
64
-32
3
40
16
7
-38
53
-44
-24
-58
-16
-44
-7
-9
24
-18
22
-16
-28
67
11
-46
14
43
-29
4
-56
29
18
18
-39
57
-18
17
23
42
30
24
64
8
17
-56
-95
4
-9
13
-28
15
-25
15
-12
32
-39
26
14
-56
15
12
20
-60
-37
32
-92
-50
-54
-33
-12
-41
17
38
6
7
3
0
16
49
43
-98
-10
-42
-63
13
-14
-17
16
-39
38
-12
6
-10
-28
-42
-20
-54
52
-58
49
11
38
20
-26
-32
-5
16
-17
16
-16
-11
10
24
10
-30
-18
5
-18
-42
6
-1
45
-49
-4
-51
17
25
-51
27
-23
3
-12
-10
18
32
-46
24
29
8
36
-4
51
17
-54
3
15
21
-31
42
-26
22
-17
-17
61
-62
47
5
-60
34
-38
-23
19
-43
-2
-66
-49
-9
3
-54
45
6
-9
4
10
79
30
51
22
32
5
16
-41
22
16
29
-2
25
-37
14
-8
79
-46
60
11
21
3
4
-39
30
-72
32
-26
22
22
2
-34
5
-31
-11
-14
15
20
-51
32
3
25
-32
9
27
-47
57
-2
12
47
46
2
-6
-45
-5
-17
-25
-3
32
-45
-16
38
-49
4
-18
60
-52
-9
-3
0
-6
67
36
8
-97
17
35
13
20
-1
57
20
25
70
2
62
5
-4
-1
30
-18
-3
-15
-33
28
-25
4
-28
52
30
-8
-26
-15
-10
26
-61
-6
31
-6
23
15
-19
-38
18
1
-19
27
6
11
-12
15
-27
2
62
-47
41
55
-2
48
-86
-35
21
20
18
48
6
-38
-30
-41
-39
22
-65
-46
1
-51
-9
-31
-13
-32
-25
8
16
-29
14
-26
76
8
-4
-19
54
24
6
49
-37
-30
75
-39
23
-14
55
-6
18
-17
-5
31
27
1
-8
15
6
35
-41
-12
10
-55
26
-6
8
-19
-46
32
-58
28
39
42
23
-38
-18
28
-3
4
24
3
39
-32
15
-10
25
-28
1
2
-19
30
3
28
34
70
38
-50
8
-40
-1
48
-35
31
-39
28
-17
-42
-21
4
-16
45
31
-32
-29
69
32
72
-13
2
40
-18
28
65
26
-59
-11
-35
36
38
6
-30
38
-47
-3
18
32
18
-22
14
-59
-3
-9
-2
-22
6
-74
-10
-45
-27
3
10
12
63
-35
-31
-18
49
26
3
27
0
14
0
0
-22
45
-38
1
-57
66
-52
-24
0
17
-26
-6
-4
-3
-27
-28
20
55
-18
-57
-43
35
36
-42
-35
-26
0
-38
17
5
-8
21
1
-5
-31
-7
20
23
-33
24
35
29
20
6
-59
49
-34
27
-8
9
-11
29
47
-14
-24
-15
36
49
36
-42
-3
27
-3
3
-36
-33
18
-15
-32
24
-28
7
49
23
-2
-3
35
0
-2
48
13
15
-23
17
-7
17
-43
-28
4
81
-50
18
-43
-24
-15
34
-26
13
-26
-56
-22
19
-13
-22
8
43
76
7
44
-8
-22
-41
16
23
40
-3
-95
-34
-17
9
45
-10
66
25
-51
34
-38
-16
-84
19
-14
15
-67
-28
-24
0
19
5
28
-1
-39
8
-57
-17
-59
20
23
-5
-53
-9
-34
-22
-22
42
49
-39
-19
-28
63
74
23
-83
-6
-31
-5
-47
-28
-26
-24
-32
15
0
10
-10
-9
-2
17
52
16
3
-36
-5
28
10
38
8
5
47
18
34
-57
13
-14
51
-47
-7
31
-39
44
13
-8
-19
68
16
42
8
-1
-3
-27
-27
-29
-27
-25
40
10
31
-16
-52
-60
-38
-32
-27
-20
48
-57
-28
-24
-55
9
15
-16
17
-56
-9
-33
-55
6
12
-5
-13
47
-4
-2
-6
-34
58
9
-9
70
45
13
-22
24
27
29
56
18
-4
-9
11
-6
-11
-25
-41
-19
-19
-17
-15
21
-54
8
18
11
-25
-30
8
28
-21
-21
11
-28
-3
-33
-10
-79
15
-14
-88
-14
41
19
-36
-9
-40
-6
2
3
-21
38
16
10
-19
68
-71
39
34
21
41
-74
-16
-1
-2
47
-10
58
-24
-52
12
11
-16
-17
-48
90
-2
47
-15
-9
23
-34
-11
8
-41
64
-31
28
68
4
7
42
6
-11
-14
-9
24
55
77
-29
20
17
38
7
-4
-20
34
8
-32
3
37
-4
-11
-9
-38
-33
-21
-17
28
9
68
-10
-67
13
-58
36
21
36
-83
-65
-57
-34
26
-35
-30
-3
-46
10
1
12
-67
-10
33
-2
6
-54
14
-21
-3
-29
20
-5
-80
36
-14
9
13
17
24
48
-15
-26
-43
45
5
15
13
-18
-62
51
35
-28
-22
-45
-21
-26
33
-16
22
-13
106
30
-4
12
46
2
30
-55
9
43
-11
66
-9
35
-45
47
1
18
-19
-1
50
-44
15
65
-16
-66
33
31
-15
-4
22
16
5
-60
-56
14
39
-50
-54
74
-26
35
44
-8
-27
-79
-28
26
-41
3
49
-26
62
26
-24
19
54
1
39
11
4
34
32
68
63
-4
10
-14
11
-17
-29
0
-46
20
-3
-5
3
-16
19
28
49
76
-55
-4
17
45
-39
14
12
9
16
47
24
30
-11
-17
16
-29
-22
33
-6
17
28
28
-38
-21
83
18
22
-43
26
13
43
-6
52
30
-43
7
-26
3
-55
-4
67
50
14
34
6
36
-19
-16
40
-15
39
5
-21
29
24
12
15
-61
13
57
18
22
-72
-45
-4
30
24
49
-8
28
-42
10
-76
8
24
-22
-31
43
-30
15
-33
2
15
41
53
58
-9
33
-42
23
-10
-29
36
24
-48
17
-6
-4
41
-15
-10
-10
5
-43
3
-26
-34
-34
-11
-2
-14
-26
-39
-32
-48
52
35
-21
-2
-39
16
-62
21
-37
-20
-16
-66
6
-31
13
-31
-30
-57
-49
15
34
67
-5
17
35
-3
32
-18
12
24
23
22
52
2
-33
-21
28
-24
-5
-12
33
-23
10
15
-3
-7
18
-45
-61
2
-34
-35
55
19
-7
33
-10
6
-25
-31
69
5
-27
-52
60
47
-21
-2
-4
36
-18
-76
18
26
-33
19
36
48
-1
-43
22
39
-57
32
-34
28
-5
-6
-14
33
-14
-16
-32
-30
30
-63
-20
34
-15
-8
-10
14
-2
12
18
48
-87
13
-1
-7
-10
-44
-40
1
-38
11
-36
15
-57
-10
21
63
39
-30
41
-21
3
-25
28
-40
50
-33
7
13
30
12
50
-45
-21
-39
12
-2
-101
2
-16
0
-10
9
-12
17
33
-28
80
-12
-32
-24
-36
14
6
51
-60
19
11
-29
5
17
33
41
1
71
-1
3
5
12
34
-25
9
28
-28
29
-13
3
13
-64
16
40
1
11
13
-11
63
9
-3
28
-13
30
21
15
-33
-42
-48
-47
72
-46
-10
3
-65
3
11
-43
-28
32
-22
46
-40
-42
-33
-32
-28
7
3
-15
16
-13
17
13
1
51
-1
-44
17
-11
13
26
-19
-51
27
4
109
0
20
-1
-19
59
-25
0
40
10
9
-11
8
-13
-1
-35
-38
-6
-58
6
-40
-30
1
37
47
96
-9
27
14
28
10
21
5
-4
8
-3
-1
-5
18
-24
51
-25
-13
-20
-21
0
-5
-18
-1
-39
-38
10
10
-17
-48
-29
-11
27
-22
38
72
-46
36
-42
8
27
37
-5
-8
-63
-44
-18
27
-15
10
31
-31
-24
6
17
3
-19
25
-15
-19
-42
5
66
6
-9
-48
11
20
10
2
42
57
12
-74
-27
-68
-17
14
55
45
24
44
31
8
4
-10
-13
-14
48
0
-2
-23
65
-10
-42
-12
-27
-22
-5
21
-27
-37
-46
11
34
54
0
-51
27
52
56
28
-29
-12
8
-23
-51
-50
-2
-11
-31
43
-44
24
-3
6
7
14
-9
-29
7
-17
-32
-31
-3
-19
-4
41
-23
14
-1
-4
-33
13
34
-23
-37
18
76
26
59
1
-8
-42
62
-9
-21
-5
11
40
29
-24
9
-27
47
63
59
-21
29
21
-14
-13
64
-45
11
-17
-30
20
25
51
-76
26
14
-20
-24
-5
-30
-45
18
2
-43
18
39
-46
-17
20
13
26
-13
44
17
-59
12
-11
49
10
19
-11
18
12
39
19
32
-30
11
55
-3
6
10
7
2
-22
-12
-34
-8
-10
-94
-2
23
3
-15
42
-10
44
-7
30
45
2
-32
-21
-40
31
-7
-26
14
-4
-37
75
4
-66
-26
-23
1
-34
-10
19
4
-1
73
-45
25
20
-31
19
-28
-29
37
-3
27
-5
2
-16
48
-71
-77
-55
15
-32
23
-13
-2
-16
-82
-22
34
-31
-14
37
4
50
-67
19
70
-28
-42
17
-21
-31
5
18
-2
-21
0
11
41
-77
17
20
47
11
-42
15
59
1
-57
-31
47
-8
69
-32
14
14
17
-47
-43
-29
-5
1
48
-19
41
-9
27
7
88
-31
69
-20
-43
-7
3
-19
-42
19
-34
-22
-68
-20
-39
68
50
-28
20
32
-18
-12
68
34
24
37
5
-31
-9
25
-45
-3
-29
17
15
-26
8
32
-26
-56
-32
-40
1
-51
-3
30
-27
28
17
-14
-71
41
-14
3
-34
-15
43
12
-5
29
32
-9
-29
-20
-60
-35
-4
-1
33
4
30
17
-6
-18
-1
24
3
-21
-87
32
-37
-21
50
34
10
-6
5
44
-81
7
30
-1
4
49
-86
30
21
-7
-43
-37
1
-79
-2
15
9
22
-28
-14
0
-34
8
-24
28
-71
25
7
-32
-1
-23
-11
-56
-22
44
-1
33
64
7
46
-29
-72
57
-29
-70
-29
30
6
0
15
-37
-1
-24
-38
24
10
36
-25
22
15
-94
-11
-6
5
21
-43
9
-26
-8
-16
11
-32
6
16
15
16
12
-10
-25
-45
-16
6
-12
-30
-16
-26
-62
40
11
0
-46
6
2
3
-14
-38
-69
12
-7
-29
-27
-81
-12
-5
-1
-20
7
-46
-50
24
-36
-25
-30
37
22
31
1
53
13
17
-15
77
-15
44
-10
81
-48
-19
19
39
55
54
-59
-24
-70
21
-54
64
-42
-27
-4
-29
55
12
-17
-11
-34
42
12
-40
12
28
28
-76
20
0
-27
-17
-29
29
1
-16
-4
62
-71
-5
26
-11
-2
36
-3
14
79
43
-1
-24
-18
11
31
-64
-55
15
-26
-7
-23
12
3
40
2
-1
56
39
-31
-6
-6
-37
-11
21
-2
50
54
1
-32
-28
-43
-53
-13
13
26
9
-55
-25
31
7
2
13
11
-22
-21
31
41
-44
6
-3
-19
-5
-62
-39
-20
7
13
-51
-7
13
40
44
13
17
-38
4
28
-73
-18
-65
31
29
-26
-12
-21
3
10
11
-42
-45
57
32
-20
12
-39
4
-7
-46
16
-44
-38
35
-28
-26
26
36
27
19
-43
-19
-8
-7
-16
-5
-38
59
-8
-5
-22
-7
28
20
-11
-81
-40
63
-13
-20
27
4
0
12
-27
28
-38
32
19
-15
-18
4
-6
11
-34
-12
-37
54
-59
-7
-31
-4
-4
38
-8
10
-26
29
50
-42
51
31
-2
-18
-3
4
-10
26
-13
-32
33
31
8
-16
-14
-30
-18
-13
-7
1
-7
-11
-11
-29
-68
5
-23
-3
-52
-8
43
44
26
88
-26
15
-3
3
11
-35
-45
48
-20
-14
-42
37
-49
-18
15
-2
-39
-38
122
-15
-12
-6
5
67
23
6
-26
32
-18
70
7
-9
38
31
-16
11
8
9
-7
36
8
-5
-36
19
31
23
-22
-2
-11
-15
-43
-60
15
35
7
11
-29
-25
58
4
15
87
-12
-71
47
-49
-11
-9
-9
-7
8
63
-39
-21
-7
-14
11
10
20
12
26
-60
-5
3
12
-8
-18
-10
33
7
-28
23
-77
28
24
9
22
-16
-4
-23
-40
-7
-9
-5
-9
29
-57
54
-21
0
20
-34
-34
-36
14
11
-33
29
-9
12
18
5
-92
-5
32
50
40
6
0
-20
61
4
-15
29
9
67
-29
32
7
18
15
-29
-53
50
16
-9
32
15
29
25
30
35
-18
6
18
5
22
1
-14
-7
7
-22
43
-62
32
-12
0
50
38
1
2
-11
-41
26
23
-34
13
-1
19
16
22
17
-17
21
-15
-35
0
-12
-27
14
36
-19
8
0
47
33
24
-20
24
-15
-4
-44
19
-10
-8
-9
-31
4
17
-4
7
-40
-36
19
10
-12
17
1
-28
-63
-40
40
-20
-9
-28
39
-3
17
-17
22
-29
20
55
-57
38
-5
34
10
-77
17
17
58
-26
-15
45
26
32
-40
0
-28
-16
-7
15
-55
-3
53
-36
-37
0
45
-22
-5
-54
16
70
-2
34
-24
-21
-49
76
-10
-8
47
23
-5
15
27
33
-46
21
77
-14
17
3
-30
82
-9
5
-3
-35
24
-33
-30
5
25
54
110
-39
39
12
-72
-1
-21
38
25
23
38
7
29
42
23
-39
-44
24
13
13
-4
28
-15
16
32
-25
31
13
44
-23
15
-3
15
22
1
-24
22
-44
38
-36
-11
22
9
22
19
-9
32
40
54
-56
44
5
31
-34
10
-44
-47
42
-16
-17
-49
22
-7
-21
-9
-3
-33
-25
-43
66
-26
33
2
26
-24
12
-27
-49
-70
17
-46
-14
-104
57
18
43
16
39
-10
66
4
-27
-12
-40
40
-5
34
47
4
-23
-15
36
23
68
28
16
-23
9
-94
-16
-8
-33
-39
-31
5
-16
11
-19
46
-15
11
12
-18
80
-26
30
-22
31
-41
-8
-48
60
-11
21
-48
-16
-39
-52
22
46
41
9
43
-1
24
65
8
52
35
28
-11
0
-28
1
9
4
-43
6
-53
-7
57
24
46
-19
21
13
18
19
-27
5
3
48
1
18
7
-35
1
35
22
4
-30
-62
-21
37
1
-33
-46
8
44
14
-30
-19
22
-37
24
-56
-79
-17
25
26
38
-17
-88
15
-24
-11
13
13
-26
13
80
10
-37
-19
49
19
-13
6
7
20
8
35
-7
29
-45
88
-12
15
-47
50
-55
29
-7
6
42
18
8
14
0
12
-15
38
27
17
-20
-8
-13
39
-35
-12
-22
-30
-67
10
-58
37
15
21
28
1
67
11
25
58
8
-29
70
23
24
16
10
51
-20
-14
-22
34
30
50
36
3
-42
25
5
-22
-39
-31
-52
-78
-19
38
2
-16
-3
-30
-71
-7
-13
-1
21
-33
54
48
10
4
10
-12
-23
3
-68
-7
-54
36
2
-30
52
3
3
-9
-58
-21
-28
-37
5
8
-15
21
-39
18
22
12
-12
23
-31
4
-43
36
54
-1
-19
-16
13
-12
31
-19
71
-17
7
-104
1
34
-37
-7
54
-14
-23
-48
-6
-37
3
-18
22
27
-29
32
-4
22
27
29
-38
27
-52
33
-18
26
-4
15
-32
19
-38
39
29
-11
-9
-21
23
41
-76
-67
31
18
9
6
-28
-74
-10
-28
20
14
-22
-32
-29
6
37
17
-23
9
7
-5
-18
9
-44
-20
-24
34
46
25
-1
-18
-28
-53
43
-51
-95
-22
-19
40
16
13
70
26
-12
-21
-32
-21
-33
-39
33
-22
46
1
34
-3
-33
-42
-11
22
53
-21
39
21
5
-21
42
-63
-22
-68
-45
37
-39
-52
6
-10
18
-29
-3
13
26
10
22
26
78
-40
5
66
87
7
31
26
27
-2
-58
-61
-40
-18
-2
-20
-27
5
-87
9
-1
-18
29
-20
3
-10
35
-36
-21
-58
-24
-13
-1
-8
-29
12
-24
-19
-2
-26
-13
-44
-14
-26
-36
-25
28
-72
37
-40
3
3
-16
-16
55
-50
-17
-40
-35
22
11
15
7
13
-11
35
29
38
-31
-22
42
7
34
30
-11
24
4
4
1
-55
21
91
76
8
-55
6
-59
1
-26
-14
21
-30
68
40
-1
30
26
8
-28
-50
21
6
-107
42
-24
12
17
-10
55
-69
-22
-13
56
-11
13
17
30
-35
45
-18
