1512
1405
-115
-1031
-393
-1420
-144
863
-24
-1584
1634
-715
1309
1437
1077
-979
-1084
-1565
209
-1161
977
58
435
719
-1490
695
476
-536
-505
-1554
-891
1251
-476
-223
970
1017
-1457
-257
-1050
-1216
1164
-1081
223
1354
90
-419
-1047
1194
-807
309
602
933
-1151
-1559
-1265
-596
-1163
-1394
-713
-1038
-80
-318
1039
-1092
-95
-924
1416
-1003
-212
882
-621
-907
-322
1599
173
932
893
-941
-1129
1136
-470
-1151
1288
67
1252
635
-473
-1080
-776
1308
1478
340
1190
485
66
-1359
705
1619
-1255
-395
-1082
635
469
-1279
731
-1377
525
-1126
-811
259
900
879
-51
-963
-211
320
-1170
-669
1218
-1607
649
643
-1291
1262
1449
1231
-1392
1566
-1308
1463
1504
476
142
635
256
-620
874
-839
329
-294
-1628
1118
561
1251
1076
203
-742
-1234
-1161
-1185
-175
1242
774
-337
1254
-1634
1237
602
1194
1317
-509
1307
-1526
-1383
-528
-1489
663
902
-1035
1393
1574
359
-354
-457
-584
-702
-235
-1594
289
-393
-1358
853
-278
357
-579
-1067
-509
-57
1527
989
-1589
1486
1151
-862
1443
-859
903
-754
-733
1371
-578
1370
-1138
1251
-1465
-1516
-740
1228
1260
-117
1286
-133
-300
1186
572
430
148
-1440
1441
678
-299
357
-119
-1322
-1553
-1542
-287
1536
1528
-898
818
313
1066
1229
1279
-857
380
1292
-1094
-1539
1293
-1065
-976
1427
11
-282
-506
-53
-255
992
-166
350
1048
-728
733
-1650
1260
1525
593
-1208
1518
212
-928
-1346
-843
1010
-860
166
-210
495
-983
-605
-141
579
-1021
-701
1023
-893
-756
885
-597
876
1333
-893
-783
-809
1624
1371
-1056
1589
455
-1393
-1251
1442
-1539
1350
-86
-540
343
1458
317
-1558
-1587
1025
1141
-352
252
867
1308
-241
-1075
1113
1191
-505
1086
-760
869
503
907
-362
57
1054
450
1570
-880
152
-1268
258
-1520
-761
-1445
911
1146
1446
637
-1106
-800
-1503
-1426
87
-98
-1255
1528
1312
321
852
-844
-1567
-1138
-196
-744
33
21
844
-944
-170
-968
126
-1423
827
1561
-841
1581
-1047
-1100
1590
-272
374
-349
705
-1231
-1084
724
1552
17
-448
-1602
1590
-1146
314
-147
1422
-421
793
345
-865
1359
1191
801
441
-1311
791
-411
328
1252
-1271
1517
-566
563
1015
-696
-1268
-574
-608
-897
1196
930
-404
-1212
486
84
-995
-1152
662
-417
1163
68
-1216
1468
726
1589
-617
-235
-412
-417
-1568
289
-1386
1363
-1119
488
-823
1536
-363
-867
137
-153
-1447
1020
930
-530
1328
1005
-1329
-1637
-787
187
-656
-861
1490
1656
1073
724
-299
-1353
103
-882
1491
831
-197
-1531
1283
668
-734
1158
-1655
23
1637
-1575
-1583
-1496
-1305
-463
-1356
-314
36
1133
-987
955
846
-1290
75
-1308
-1020
578
-720
839
-1615
-303
61
1263
1322
534
-698
-396
85
1581
-695
-1300
-1510
1023
397
431
419
-383
-1355
587
616
431
1029
-1052
979
1517
20
-1232
-542
957
-1070
1539
-350
143
-369
-1131
-1260
-425
-1159
572
-69
927
-1548
1634
-1158
-1576
1533
-978
598
232
407
-1499
1608
-1598
-1537
-1616
-271
-337
-461
660
-1273
-207
1439
-1496
590
1244
-489
1613
1436
1027
-1559
1262
238
-739
1495
-712
1601
1251
-1499
-831
-797
1115
-1011
1433
-810
-1622
-49
-903
-692
-51
-502
1489
250
620
193
1640
601
-525
100
432
-1500
1109
-327
857
756
1143
-688
551
1520
-297
1591
683
148
-1409
724
-782
-1364
313
-401
-230
-1562
142
1121
-767
699
-339
-1109
-928
-863
1131
1569
7
447
157
-674
-912
1461
1006
1284
401
-170
956
449
1330
-408
-447
1140
-50
686
-1507
387
-1530
-1630
-547
-1127
387
43
-1549
1105
1194
1316
-658
980
1185
-280
-1099
-1557
-389
-1335
-1244
843
-768
230
1062
-13
772
1421
-1492
192
605
-1133
675
-1289
-1351
-1324
1656
-1053
488
-1190
-1127
-1628
89
-903
-1215
-1085
-1414
-979
-1321
-1282
-872
1478
1650
-498
1120
-823
1246
372
-94
-703
550
876
1221
989
395
1016
395
-275
-724
-1565
1395
-778
-1061
1025
-415
804
-844
1414
1437
-628
-257
-1206
-113
-583
857
588
463
-720
1097
1148
1340
616
51
-1522
-142
1555
-220
-484
366
395
842
-1046
162
-255
1042
862
972
-940
462
-1595
-1537
1110
484
-1439
-994
-561
-246
-1565
-905
-1541
1096
-75
-1239
385
-757
-27
-588
-1180
729
1300
782
1467
-286
-870
79
151
-569
866
-829
1593
-1349
-878
982
1468
354
503
-139
1525
-837
184
1291
-1428
404
-692
-1123
-393
-99
-1242
1081
-868
-992
165
258
-1373
1214
1547
816
-815
-596
1490
143
1531
-1477
442
-447
-803
-744
1448
1236
-704
986
-1599
-606
1301
-1664
-893
515
69
-369
31
-1217
1259
-107
930
-1059
1075
-1608
1555
590
1553
628
-1391
-687
1256
-262
801
961
1083
1071
138
974
-864
-766
-1301
1195
1327
205
-184
-1413
-1494
1660
1554
-90
1037
-1443
1056
1319
1263
60
1226
-1294
1549
759
-621
-1238
-554
-1536
-116
1338
-694
-1001
-1215
1325
1116
-689
-783
-287
-1283
584
-58
-923
665
-627
848
-1467
1395
-565
-1347
-1105
-165
-250
602
-1170
663
694
-431
1030
36
128
-375
1349
-713
151
-849
487
-512
1119
926
-818
-1448
-1380
524
854
1237
1400
-1118
40
766
-946
738
932
-1159
1310
-719
429
-1558
1364
644
-1030
-1563
20
90
-414
165
-1328
1504
540
1630
-1469
831
392
-606
-96
-1230
1190
167
884
1083
-1636
304
-560
-378
-615
-844
820
-1157
-1140
1454
1526
-463
73
-826
-301
-894
-1525
620
-1032
1478
1548
-1224
-855
1009
1255
-1352
156
245
-245
399
-178
997
997
-1024
1274
1488
496
355
-569
261
82
5
1324
-546
-1305
-1008
-138
1646
998
-283
181
-1106
-335
-741
-742
54
783
137
151
927
-337
-1532
-207
-1146
-523
-1297
-645
-531
356
-1203
1028
-233
1456
1354
-999
-1408
1514
819
421
1494
-59
1375
1341
-758
-1295
36
-1348
-556
569
544
898
1312
1452
-1223
-987
-1258
614
557
335
-159
15
-1240
-1074
-567
372
-761
1140
925
721
-199
789
-1360
-608
-152
983
570
404
-464
-639
-1598
-1422
-172
-1304
-1469
-1257
320
805
-571
-1141
-686
-840
1398
199
-800
241
-56
-1581
-666
1445
635
-1162
487
1134
1636
586
296
-1486
-69
855
203
773
-946
1620
309
29
1545
787
-646
364
-410
-421
-501
-846
1366
12
-343
-589
-1453
-292
768
855
87
-1004
800
984
451
-1190
-975
897
-1120
-812
33
426
1252
-1496
619
-689
-244
-779
1080
-1515
404
414
1038
1083
1045
1158
268
-1573
-478
-603
593
10
-45
-1369
-1104
-426
-1204
-1623
104
1039
1104
303
1031
-1029
1150
1582
1136
-640
839
-487
-869
-1108
-942
-581
1632
-26
-865
1653
1141
-538
-898
1168
-940
632
224
-796
-80
-1056
1278
282
1175
-47
265
1576
-1351
-202
947
-989
-943
1555
-626
-1633
1528
-1216
1418
1384
934
246
-834
-1332
-1232
1174
940
1218
-131
-475
-363
75
1165
-643
-1166
176
-171
890
716
-810
540
875
1441
61
1523
-164
-1198
-135
-1179
-1101
1396
840
823
764
-517
-1588
28
-883
-403
138
-218
1046
1242
-960
-609
-1469
-1127
-697
203
107
1541
127
644
169
-431
1128
-1483
-1394
-940
1060
-377
-1234
-337
71
1323
70
-1186
1121
-426
