-32
-25
15
-9
-4
-17
14
-14
-48
-29
15
3
-11
-26
7
11
-16
-47
15
25
-32
19
57
-13
-59
24
6
85
1
-37
-60
17
-36
-36
0
58
-50
18
-24
65
-102
39
8
45
2
-52
38
65
-6
-5
67
61
-8
54
-25
47
-4
85
55
-6
-32
40
20
20
62
-72
50
24
12
-26
22
21
-26
-4
-10
-31
-22
-43
48
-24
-8
-24
10
22
-47
53
9
-10
11
-20
-9
11
-47
-13
3
-43
-10
-33
34
-18
36
48
-22
-11
-55
20
14
17
31
-36
-24
69
-9
11
-18
-11
-41
28
-33
7
-9
37
-32
26
28
20
-10
34
-33
36
28
-8
6
26
-4
-12
22
-31
-9
-44
-17
-13
-26
-14
8
19
34
-3
3
17
-28
58
1
-14
35
-27
0
-25
4
58
19
61
-3
33
-46
-38
-29
25
58
49
-11
-10
37
-7
-11
3
-60
39
-5
5
48
-15
-21
-9
-9
9
3
-49
18
-7
29
13
-21
-1
-24
8
-6
-57
-12
20
14
-31
8
24
35
-24
21
2
-15
22
0
53
10
-34
3
-6
-11
-62
20
-40
33
22
39
8
-62
28
34
23
-32
57
47
-36
-10
39
2
-18
-62
50
-100
-29
61
1
13
-13
21
24
38
12
89
-1
19
17
10
-3
17
-48
62
9
-60
12
-13
-17
-38
2
-41
-5
38
16
-9
-4
14
17
-33
-16
-23
23
-8
-25
-8
28
48
-46
27
-23
-52
32
31
-11
-15
2
-33
4
20
-44
-22
2
-11
18
-13
-15
42
-41
12
57
-19
-6
-21
-61
26
-16
-49
8
-26
-80
9
-26
-29
64
17
-37
5
10
-21
-57
28
31
-45
33
-14
-16
23
-23
-40
-43
-90
32
-48
56
41
-4
-27
-12
13
-13
67
41
3
-17
13
-10
-63
-7
31
-58
92
30
34
19
-29
-53
44
46
10
11
-34
-15
22
12
22
-60
-12
39
-15
20
-35
9
-28
-53
-25
17
-61
-54
25
-1
-1
47
4
-60
23
14
-50
53
42
-40
37
56
-3
-24
-31
-11
0
8
-51
42
-8
57
-29
36
57
13
25
-60
-53
20
-27
14
-34
-30
15
33
-80
16
-18
60
-15
-13
-32
60
10
-4
22
29
-51
2
101
30
-24
-2
-48
22
16
-5
-63
39
11
31
10
22
54
9
30
12
-38
23
-46
8
-8
-27
-7
-32
-29
-16
-6
-15
-17
-1
0
-16
-6
-54
-21
-32
19
4
31
-20
54
-75
18
-32
31
-62
-9
-26
4
2
11
32
-9
19
-34
0
-3
-35
-11
25
-3
40
61
7
-25
-56
40
-57
-4
8
-7
33
45
-48
10
-38
-10
-4
23
-19
-1
0
-34
34
3
0
87
-33
-11
41
37
-52
-19
-69
-26
-19
-20
11
-10
-28
5
-6
18
12
18
19
10
55
16
-40
8
-5
-21
19
-4
-34
42
-11
31
-90
7
39
9
22
-11
6
15
-1
-3
20
-14
-52
49
27
24
-6
3
-41
-4
20
-147
2
-46
9
29
65
-24
16
46
-22
-34
-4
26
48
21
-18
34
13
55
-25
3
-54
-24
11
-3
12
36
-28
-30
67
-17
-15
15
-18
32
-18
38
-65
27
37
-59
17
2
25
-34
16
68
6
-29
-14
8
26
-2
2
-31
6
-4
33
13
7
4
-56
17
-19
1
-13
-36
-10
9
-46
-2
-13
-19
-23
44
-1
25
24
5
-11
46
28
7
-27
-70
-54
60
-37
-25
-44
-26
-9
47
-31
-5
-29
-19
37
24
56
-9
-48
36
25
-21
9
-20
8
-38
7
-16
-26
6
-37
-14
19
-69
22
45
-45
-11
5
-6
15
-38
-33
-30
16
22
4
-40
-56
45
78
-27
-65
-44
-50
-16
-22
-19
8
42
-30
19
22
1
31
24
11
8
-11
-9
52
-61
-11
-17
-6
27
-55
11
11
-26
-51
30
15
-21
-29
5
-23
6
-38
-12
12
1
-34
22
-41
-19
-7
-30
18
20
-9
25
-62
-12
73
-4
56
29
-27
29
7
-33
-46
53
-15
26
4
39
-3
1
19
1
8
5
48
7
-27
5
-17
63
8
-20
-5
106
-6
29
-30
1
-28
13
52
-17
50
6
-25
-46
16
14
36
22
-12
44
-29
-17
34
-42
22
1
6
-18
40
5
48
65
23
-31
36
-65
-63
-46
-28
32
-34
10
-34
14
-40
16
44
13
-61
22
40
5
13
36
37
40
9
16
32
5
37
-74
16
18
-38
39
11
-5
-26
28
39
32
-33
-22
-10
-5
-28
6
31
45
14
-65
32
-11
-7
-12
2
-34
-39
-21
-48
-50
-29
-18
10
21
22
-24
-5
4
3
54
21
7
-30
18
13
-26
8
8
54
-23
4
25
5
-50
-71
-56
1
-18
23
-2
-19
-45
-13
-19
20
-56
44
-51
18
-12
-15
3
-10
-10
7
-60
13
-27
-15
-67
-20
51
-59
14
-46
-21
-56
-29
52
-22
-50
58
-39
13
22
-37
23
9
2
10
71
-56
31
21
-9
47
12
-8
-16
44
-13
-11
-39
-12
1
-1
36
-36
-72
23
-12
-52
-17
1
-13
14
2
-28
-10
51
-9
1
-51
14
9
-6
59
-41
-10
-32
25
22
-6
16
-7
-13
21
27
-56
2
8
5
-5
15
-19
32
-4
7
46
-57
6
-13
14
55
-16
4
72
58
-97
-34
-1
3
8
37
-3
10
-29
29
-26
-13
4
-28
-6
-13
24
3
27
5
24
18
-39
54
-20
-21
4
61
-38
-9
-16
-12
35
-42
76
46
18
30
-31
24
-66
20
10
-86
44
51
-53
23
-41
10
-23
-6
-72
-34
52
-3
-26
-31
3
4
88
-15
-63
22
47
-61
14
32
22
-47
-48
-20
37
34
30
-21
14
42
27
55
18
-11
0
-35
16
-11
-30
2
-43
-55
19
6
-11
-19
14
-8
-50
-3
4
22
-9
5
15
10
1
-13
11
-2
13
32
18
4
27
-4
25
-8
-1
12
3
30
0
-10
3
-56
10
-42
54
6
-18
3
-45
7
-24
-29
-18
49
19
-3
-26
42
-6
78
29
-4
29
-33
7
34
-29
-54
9
7
16
-20
31
-36
-40
0
-12
-4
-18
-33
8
-13
35
19
-17
1
49
-23
20
57
-37
-7
19
33
7
-67
-20
1
13
18
55
35
-28
-46
14
32
6
-26
32
11
33
-46
-22
14
33
1
-43
-44
-10
-43
-2
-12
23
-21
11
22
-34
-42
-28
18
18
-14
26
-111
47
28
16
-30
-8
13
-6
16
24
24
-13
21
30
0
19
-18
-6
43
7
-43
-1
27
-35
11
65
-33
6
-24
-11
2
-22
30
5
28
41
56
39
12
-19
27
-24
10
-20
-27
-17
2
23
-18
49
3
-20
-19
-6
15
-20
-70
-1
-40
-26
40
49
21
-2
-27
-19
30
34
34
18
-2
-103
-3
-26
22
-35
27
-24
-22
13
-21
-14
8
-6
-44
19
12
12
-27
-50
-15
20
-7
-3
-38
52
15
-36
24
34
-5
-42
-24
23
12
-7
32
-36
-12
-13
-37
21
30
-46
63
68
-25
-20
-25
-44
0
42
43
8
-13
-14
-2
27
-15
-19
36
-26
69
21
24
-19
80
9
-6
-72
22
3
36
4
8
42
21
15
12
-33
-9
38
-8
42
30
-17
47
34
21
19
-21
-45
-12
-1
46
-11
31
9
13
-4
13
-24
28
2
-13
40
-45
-5
21
-18
51
18
-51
-41
11
-12
27
-35
-55
28
30
39
19
19
4
13
8
-4
-40
69
18
-56
-12
-31
-27
-5
23
26
55
28
-10
-34
-12
-38
3
-57
-5
-24
-35
3
23
15
62
-46
-59
12
-24
-1
-31
-44
12
9
-41
-16
9
17
34
-29
6
7
-46
-45
-17
-29
5
30
62
15
-5
-40
-20
20
-7
-2
-29
47
-55
-42
-2
-24
19
19
-15
55
32
-1
40
-5
44
36
2
17
-4
-12
20
-46
9
32
57
42
-4
22
53
-90
30
-29
-55
5
16
50
31
41
16
-2
-2
-37
9
-5
4
-7
63
-22
-17
-76
-42
0
7
33
38
22
-21
31
-53
-19
-36
-8
21
21
36
27
20
41
0
73
-67
-10
-3
-21
33
-75
-70
17
-11
-27
0
-41
19
-14
50
-11
19
45
-24
-14
-8
9
81
-10
-6
-14
-50
-43
-17
-28
9
30
-14
14
41
12
3
-31
-40
-17
-4
-31
39
-27
4
-6
-1
-23
-20
-2
40
43
-53
-34
-48
48
5
-22
6
45
27
-26
-1
11
-10
5
-38
12
1
13
32
2
-22
4
-6
-29
0
7
-14
14
-61
-1
20
48
-4
12
-27
41
26
-26
42
-17
-6
54
-17
55
39
-8
-6
63
-7
10
-12
35
43
32
80
-16
-1
-20
11
1
14
-3
6
-65
30
34
-24
23
47
26
-18
21
1
-11
-19
12
-10
-45
-35
38
1
20
61
6
92
1
33
86
37
-14
-1
-35
1
27
-8
-63
20
-5
29
-22
-16
-23
20
-29
-12
27
12
-1
24
-53
-52
-24
-57
17
-13
-10
26
22
10
-14
15
7
-4
-66
50
-34
-7
56
14
34
54
-93
37
-52
-2
32
17
79
55
-55
-4
-7
8
29
9
0
-18
-29
-32
-6
-8
47
-12
9
-1
-26
-10
-40
-56
-6
37
45
-4
45
22
39
-8
-9
-39
-11
-34
57
11
31
11
-11
-21
-65
37
73
-44
4
84
7
7
-16
-39
65
-2
-50
23
30
36
-3
-10
34
13
17
35
-20
-44
-36
16
-50
54
54
-54
-25
43
26
-9
-12
44
-3
8
-12
11
0
33
-72
-35
75
-29
2
-53
-9
-11
18
-43
42
38
-63
8
-6
-61
-3
15
62
17
32
-7
-12
-27
-30
-1
-36
-3
10
32
-28
-20
31
32
48
-59
-2
-5
12
31
13
39
-72
44
33
-61
-66
10
-38
-50
-45
-14
-6
-2
-52
45
7
-27
15
-9
-5
-10
-32
4
49
15
-4
-69
-12
-11
8
3
-44
30
27
-33
24
-29
52
15
3
-67
-11
4
5
25
39
-83
-23
38
32
-12
11
36
-34
38
45
5
-3
37
-76
26
-25
4
-13
22
8
3
14
21
-22
23
-27
36
23
-25
17
36
-34
37
-45
50
24
-14
-10
8
45
-35
23
27
-27
17
-7
-35
35
14
-40
-37
-25
-30
33
5
17
41
10
-20
12
21
45
34
2
17
9
-33
35
-11
51
-37
0
25
7
24
87
-34
-41
-50
-127
-28
13
