-44
26
-7
-13
-17
16
35
34
74
-15
88
13
30
-54
35
7
-1
17
-51
-8
11
17
3
20
-25
-55
56
-55
-26
-47
19
53
-26
-12
-25
20
-3
-24
-31
-34
1
-24
-8
-12
-42
-3
18
-44
-20
19
7
41
22
-46
46
-17
-40
4
-37
-5
-36
76
-21
14
47
33
74
3
24
20
33
-36
19
36
37
-14
64
29
11
-13
29
17
-17
-36
-7
24
42
-64
-5
34
-51
-33
-18
21
-11
-26
-7
-34
40
34
-52
-9
30
-27
15
-76
39
4
-28
33
-12
-3
-25
-38
-3
-25
37
18
27
18
-10
-47
-41
-17
13
-11
-19
-44
-28
-60
-6
48
-22
-22
25
4
17
47
-23
-43
-19
-2
49
-34
73
47
-7
-51
22
-43
-5
-5
36
23
13
38
-22
-3
4
-15
57
-41
18
24
24
24
-10
29
-48
-4
35
44
-29
33
11
71
-4
31
24
-14
-8
-7
3
3
12
9
-41
25
22
4
29
-55
-42
35
-8
-4
3
19
-18
-53
77
-19
58
-20
-26
-90
28
7
23
-18
-44
-26
-7
-22
-15
45
-15
29
-27
-25
-1
-76
49
46
55
23
-27
0
-8
49
-17
-37
-25
-1
18
-51
-8
-26
10
28
-41
-30
20
61
-36
-30
-25
0
-46
-11
62
10
72
-20
-42
48
21
25
-46
-21
-8
-21
-2
54
5
-54
-31
-18
-65
7
26
28
-21
-6
34
22
-6
-17
-22
-47
-43
19
-18
22
-35
-15
-17
-6
-25
8
46
41
1
54
-76
-32
-28
2
19
5
-16
9
5
-20
10
13
-12
62
-2
14
-21
27
-22
-28
-45
21
25
46
60
17
33
-35
-12
15
-4
-6
0
18
28
-60
-21
-10
-6
44
3
-27
-1
-10
-62
3
12
21
66
-5
-45
-8
-37
-75
35
32
67
52
-45
25
25
41
9
-28
-38
28
-20
-67
-48
23
-13
71
51
31
26
6
13
-4
-19
-23
-39
18
114
7
-41
-41
45
-48
-47
-38
49
-21
-38
-44
18
1
75
-22
22
35
-20
13
9
15
54
65
-48
-29
62
25
-1
-51
-37
-46
30
2
26
-72
37
52
21
10
-13
21
24
1
51
-56
39
-4
32
2
15
-33
-24
37
3
-3
-5
-23
8
31
-32
-9
-15
-30
-29
17
16
-11
-26
-29
17
-54
12
4
-6
-9
-27
-19
-26
88
-4
0
-22
-24
8
30
-15
-31
5
18
45
-43
-61
-8
-15
10
3
2
3
-31
16
-19
95
-24
-24
-8
-12
-1
6
31
-2
-2
33
2
-4
-5
2
-9
-24
33
76
-95
-23
37
-25
10
47
-1
-42
14
-21
10
17
13
-23
-19
39
-11
-17
47
-17
-54
35
12
11
-19
24
12
-36
-30
20
54
9
-4
47
-45
-16
8
-56
-25
-31
-2
24
-59
19
-7
11
-6
-18
-2
29
-2
30
17
-4
28
-36
-14
-5
25
-6
21
26
30
-35
-4
46
-32
36
-17
-28
-36
36
21
19
6
-7
-9
35
21
-9
34
9
-5
-2
-50
54
-8
4
-38
-12
-115
32
38
-45
23
-16
-52
-21
-9
53
-26
-52
-57
27
6
50
32
-22
6
20
-16
-3
-23
-10
-16
3
25
-19
-41
-22
-2
2
37
-27
9
-59
-8
35
-28
-53
12
67
-64
32
66
7
13
50
9
29
-25
-54
60
14
-32
16
-42
27
-62
-10
-38
20
16
-39
-2
-27
-37
1
-21
-12
29
-53
-39
-30
22
-42
-27
-1
-41
3
49
1
-1
-6
43
56
28
-27
-16
42
-13
-2
8
25
-15
-35
48
-24
7
29
33
-51
-20
-41
-7
-38
-25
44
0
4
-24
-39
-17
9
27
-42
-8
28
44
-15
40
-29
7
22
-28
83
18
-34
-38
37
11
-35
34
-9
6
-33
36
-33
21
-7
-49
56
53
9
16
11
4
10
31
46
32
-30
-1
18
36
7
7
42
48
29
-8
37
-45
24
78
-23
33
-7
56
28
-30
6
-4
19
8
35
14
2
-23
-6
32
-8
-32
-24
22
0
-26
29
-21
2
58
40
20
0
-45
4
-17
14
26
18
20
59
-5
20
62
-17
19
-34
-28
24
14
26
21
-3
0
7
-64
-13
25
-7
-51
16
67
-63
6
28
33
46
-40
11
-24
-35
0
-40
-88
-15
-40
-46
-24
44
24
55
-14
-20
-14
-27
32
46
-9
-21
8
9
-61
-61
-1
-34
35
-5
-34
-39
38
6
-34
-59
23
26
36
11
-34
-8
78
-28
-18
16
13
34
9
23
-32
8
-34
17
-5
30
-8
-19
-55
62
3
-50
-44
-14
41
32
26
-21
5
-37
-60
-11
-3
-35
-8
54
-36
-6
27
39
75
-6
-8
43
-45
41
-7
12
3
10
-40
34
8
-48
-29
33
-23
10
42
7
27
-36
5
-15
14
-45
-22
-22
-28
-17
-9
-50
18
14
-4
-26
60
-17
-43
-28
31
-5
-56
22
19
13
-64
23
50
-35
24
-49
-28
34
10
37
30
-30
-31
-20
15
16
38
30
41
-29
17
-5
-30
-10
57
-14
42
-2
-67
17
-4
21
-32
-8
32
-27
33
-12
11
-22
-55
-11
33
43
-37
50
-77
19
4
67
17
-67
21
70
24
35
21
52
-14
63
17
0
-19
-29
-12
-4
-28
34
22
49
2
51
-56
-74
-32
20
35
10
11
-3
17
-17
-58
-70
-15
-11
-16
-47
-2
-15
20
27
-37
44
20
62
59
-54
-8
-18
53
-24
7
21
14
4
-43
16
5
-24
14
-25
-39
40
-43
-23
1
-12
-4
-25
-54
22
42
17
73
-11
44
-34
-7
1
34
-14
20
35
-31
-1
6
-58
83
-47
-16
-50
-7
31
-8
-12
-58
17
-14
-12
16
-60
-13
81
-48
-20
6
11
19
43
47
12
-65
-23
61
26
-44
40
-34
1
-6
-29
-3
38
13
20
-52
-5
20
-10
-16
-2
-41
41
15
42
-10
39
-31
7
36
-35
-67
25
-26
32
-10
16
36
50
-20
-50
32
23
11
-39
-18
43
77
-66
-44
-33
-31
-48
19
4
2
31
-30
-46
15
25
6
17
30
-28
25
54
-27
27
-69
-18
-1
-9
-17
-39
33
-34
29
56
4
6
69
-17
-37
-4
-56
8
30
-76
-18
13
-6
29
22
47
-2
-10
1
-43
12
31
10
10
52
10
-26
24
-17
6
16
-4
-43
31
7
24
21
23
35
7
-30
-18
-13
-11
61
-4
-57
-72
-23
-79
-47
-12
-43
5
32
-17
-8
-11
-27
-10
33
3
64
15
3
-38
2
-30
13
-28
-12
-29
-2
-63
-62
2
38
55
-11
-1
-49
-62
-14
0
-38
-54
-43
76
7
-66
-18
9
29
35
-5
22
7
30
-6
61
-16
60
13
-42
-12
-55
-7
15
52
-25
27
57
-46
-47
-17
36
10
16
-50
33
-21
-9
3
-7
6
-31
-3
-2
35
11
-20
-30
47
21
14
8
-43
16
22
-83
-23
-39
-6
18
21
6
13
65
-9
-23
-16
-48
-26
-15
-6
36
-6
4
-10
-25
-13
24
29
10
9
16
-45
46
-48
3
-9
16
-40
-54
-11
-12
47
-24
8
21
-27
-4
-42
17
-51
-64
-10
-32
27
-10
-14
-63
65
-10
12
-62
18
-3
67
-34
21
0
69
-3
-51
18
-33
12
-33
45
-56
-55
-23
-17
79
44
38
-25
36
-70
-70
50
-25
-2
-3
-23
-36
-34
14
7
-14
16
25
20
12
-75
-33
-46
38
9
-24
25
0
5
-79
45
21
10
-5
3
45
15
9
-2
50
-16
40
-2
30
-5
22
30
-30
79
-13
-13
-29
3
-6
-17
37
31
-10
-41
-35
7
27
23
-28
-14
13
2
-10
-4
-11
4
-5
-21
-16
-37
-87
84
0
-28
-37
-60
-7
-45
42
-14
-38
-61
64
-6
11
-15
-22
-52
-22
-44
-8
-40
2
-6
-17
-15
-58
-6
-30
60
-16
-31
-27
-30
-19
30
-23
-51
49
42
-24
-19
-30
24
-11
-13
2
-86
-55
-57
46
-16
-8
1
-24
10
-15
99
-3
-29
11
19
-18
75
-15
7
5
59
13
-10
44
2
20
40
-28
-47
4
36
11
37
-2
-32
55
31
-27
19
11
26
-40
-4
15
0
-33
97
-39
19
-23
50
-27
42
-9
1
40
-17
-79
57
-46
5
30
-32
15
15
53
-17
3
-11
-34
-49
-25
42
-24
-46
-9
40
31
18
2
-49
-27
22
39
-72
-25
45
13
-54
34
2
-15
16
-27
42
-7
-19
43
7
68
-20
43
-7
-16
-8
25
27
94
35
22
6
18
51
-16
-29
74
17
2
-3
-34
9
15
-56
-17
-33
5
-1
-34
-10
-45
11
-3
25
-85
-92
-7
44
12
-20
12
24
31
-1
-40
0
4
64
1
3
19
62
-14
-30
8
-5
-21
54
-33
-21
28
-117
-15
13
73
43
25
2
4
47
-30
9
0
-3
41
0
-32
-94
-37
-19
-6
9
6
-28
-33
-20
14
-27
-33
-8
70
-41
-10
-13
-20
12
13
32
21
-29
2
-11
18
14
-3
32
-27
-43
56
-15
68
-1
33
-13
-19
0
10
-20
51
-26
-17
-56
14
0
-28
44
-24
14
44
-1
35
37
52
20
1
34
-13
-44
-19
2
15
17
28
-8
91
-6
32
13
-6
-18
-10
-30
11
-64
63
-21
17
14
38
-2
-101
33
-32
0
-8
5
-52
24
1
57
-19
71
-4
9
-2
-8
-4
-16
-66
-14
-38
42
26
-51
0
27
6
14
45
11
-13
-3
-29
-45
-38
5
7
29
55
17
2
3
-30
49
-3
-21
-31
-13
21
-18
-27
-49
25
14
38
23
12
-14
-7
17
-56
-5
-36
-4
16
12
12
-21
1
37
-32
-11
-19
-39
-57
-9
-29
-48
-52
47
-17
34
-24
7
-12
48
65
53
4
1
-5
11
-10
-1
21
-23
1
-57
-7
-13
39
10
-8
16
60
7
-46
42
-28
-44
-9
-56
6
2
6
-19
-51
-82
7
18
-13
-58
-27
1
66
-4
-2
-8
0
-29
42
-6
-7
-8
39
2
-51
34
30
-68
11
42
6
41
-57
7
-1
16
29
-13
31
53
16
18
1
41
0
-23
-1
-59
-32
-28
53
68
-74
6
-36
2
-39
-21
-61
-10
-58
-43
36
-3
5
-69
-22
18
18
34
17
42
10
-71
13
-15
15
76
-35
40
23
0
3
-28
-10
-5
-46
52
4
29
-28
-14
13
3
3
33
17
15
-9
-42
43
-57
18
-6
-4
-19
32
12
37
72
-4
-30
-14
-25
-22
-54
13
4
-77
28
86
-1
-30
-26
-56
68
-17
31
-1
11
20
50
-20
16
50
33
-1
17
8
6
-95
-16
58
-3
-18
21
7
24
-21
1
-39
-89
-17
-5
52
-19
-9
53
3
40
-10
-23
35
39
-13
19
66
-49
-72
2
16
-8
13
7
-22
51
-8
-26
47
-58
64
5
-27
-6
64
14
1
-27
-30
15
-33
41
34
-11
25
-14
-49
-16
59
-62
-7
62
-26
-9
6
-8
76
-17
-29
13
-21
-45
25
-27
18
54
-14
-3
8
-32
0
16
-14
-30
-23
21
-15
-6
45
5
-9
-19
-5
-29
-34
-17
56
23
-43
-15
16
-21
-76
35
-24
-30
40
7
32
-15
38
43
10
18
10
30
15
-17
28
-14
9
9
13
25
-59
-36
-20
-23
7
-21
0
-9
34
-29
7
-37
22
-26
10
-43
72
-44
-42
30
11
-1
61
-46
62
-3
14
1
11
-5
-20
-40
15
21
-7
47
0
-27
8
-24
-28
-1
20
56
30
1
22
-41
15
0
-30
-21
-2
23
18
2
-65
-3
-56
-27
10
2
-11
14
13
-13
-17
4
25
6
-6
10
17
-14
35
23
36
-30
-3
10
36
-19
15
19
13
-9
27
42
28
-11
-14
35
22
57
-59
-38
-19
-9
25
-3
9
-47
-69
19
-25
9
20
17
-49
22
-3
50
-15
-7
8
46
11
-9
47
-82
-45
49
-20
56
89
-33
12
47
4
-2
35
-27
-22
-24
-1
27
10
79
-54
-39
38
-22
7
12
-5
-43
60
-23
68
-34
78
-26
38
8
-15
3
41
-83
28
-1
6
9
91
14
-29
42
-28
-17
17
-44
-4
18
7
2
-22
-32
32
-44
-90
-53
31
-70
26
-9
2
-5
-20
60
16
59
-64
68
55
-9
6
3
8
13
-35
4
-20
-71
-2
-26
34
18
28
0
59
-31
-78
-17
26
1
2
-64
-52
-48
40
-32
-49
64
31
9
-51
-28
66
-36
-4
14
29
-11
94
-4
-64
7
-11
-12
32
5
23
-2
-5
3
49
-55
-30
-26
-50
1
15
13
-23
4
19
15
8
27
24
-13
14
12
-49
27
24
40
65
-7
-19
32
-64
25
35
6
-18
47
-1
-38
-3
-59
75
30
-19
-31
-4
-6
-1
5
-56
-56
-45
-44
29
-26
29
2
-57
-18
-39
-43
-31
-29
-2
-12
22
3
-4
-8
4
-29
23
33
61
13
-27
-56
-33
-78
64
36
-25
-57
33
-2
25
16
-36
-2
-35
7
74
45
-9
30
-10
-52
5
-1
75
-4
4
0
43
28
31
-57
-19
-19
-10
24
-7
42
-49
2
-8
16
22
40
5
3
32
-36
-7
9
7
-10
4
-57
16
12
-11
-7
86
-17
-33
7
1
28
-26
-18
19
-29
-44
-5
13
-69
-29
2
-52
32
6
61
40
-34
56
64
25
52
5
-4
3
-12
-38
32
-61
8
-30
-36
34
-22
73
-2
10
-5
25
-17
37
8
35
6
13
-20
2
-8
-1
24
-13
18
78
-40
37
28
38
27
16
44
-17
-29
29
25
3
-90
57
28
35
-19
-20
36
-44
-7
5
-73
22
7
-14
-33
-1
16
-12
-43
25
22
-21
-39
40
37
-4
-23
-79
8
-30
64
-45
-37
-14
4
1
76
50
62
123
25
-72
7
68
-24
-54
7
-31
5
-37
-5
-12
11
4
5
12
-8
-13
40
18
-26
-8
7
-14
-35
-79
-21
10
-11
39
-24
-10
-62
69
-26
65
-15
-19
12
-4
-23
-39
-4
-57
-5
-9
21
-2
-63
-17
48
22
-17
-44
20
-5
-42
-24
-2
-57
42
-9
-38
-11
-13
55
14
35
36
43
19
-19
-14
27
-13
84
20
-14
10
9
53
-43
-26
51
35
3
-2
-66
11
17
-29
-17
41
-25
-24
6
30
60
-6
-28
8
-5
79
-36
-66
31
-2
46
46
20
12
-21
2
46
27
19
-24
-47
39
8
-51
-13
53
6
-11
-6
36
-61
0
-8
22
9
-13
-34
9
-15
-1
-32
31
-32
-5
-26
17
-22
-10
0
-59
1
13
4
-17
10
13
-63
30
44
-9
-28
5
0
10
48
-7
27
-14
-71
55
-6
26
-7
0
26
15
-34
32
25
-49
89
-18
23
14
26
24
-32
22
-15
37
72
-15
39
-61
45
40
7
14
-36
3
46
1
68
-14
47
0
12
63
26
-22
3
-20
35
51
53
-9
-14
0
7
34
104
22
-20
40
-42
-69
-17
-27
21
-1
-36
-10
-20
-29
32
-10
-23
20
-15
27
35
2
-3
2
-20
-45
-17
93
91
33
-13
-17
-25
-19
-14
-38
59
67
28
-77
55
37
-12
10
16
-53
-41
-21
-4
-31
-25
27
-10
-25
29
36
70
-29
-56
53
-13
46
-36
-11
-43
18
-6
-15
31
10
12
52
25
-8
-29
-73
-11
27
2
49
6
-58
4
-50
-40
19
-3
47
24
20
4
61
-38
-40
17
-10
-39
-1
-23
-61
-11
-67
22
10
-57
10
1
-32
42
-3
-41
52
-69
15
18
-16
29
13
54
-6
-9
42
81
-56
-35
32
0
28
3
10
-21
26
8
40
-17
21
-36
2
-3
52
-1
27
-52
82
-5
20
-35
-4
-4
37
53
54
64
-10
20
48
-39
26
-27
5
-23
37
20
-14
49
-23
11
36
-34
28
14
-23
-40
16
16
28
2
28
-24
22
-41
12
-71
37
24
-17
-12
3
58
-58
-20
5
-44
18
-55
-10
0
37
-69
23
-17
-11
7
6
19
-44
51
-5
-30
9
5
-16
-41
8
-8
-35
15
9
-20
-32
47
-8
34
3
-14
-13
-15
61
-47
-21
8
-16
-34
11
-11
15
87
10
34
46
-123
-31
29
39
30
5
-20
-5
2
4
-31
-51
-14
-21
-43
-29
25
-24
10
-31
5
-44
-7
14
-66
-12
-38
17
-32
-1
-25
6
7
-6
-14
15
19
3
-13
-38
27
-29
-53
55
16
-75
-14
28
-54
36
28
-35
-12
-2
-17
-4
21
7
24
31
53
-43
-16
72
-20
-82
-4
-11
-39
-2
-6
4
33
5
-68
34
-43
12
39
-14
-2
-48
-12
2
35
3
-42
38
-52
45
-40
9
48
-33
41
3
-16
20
34
-37
-9
17
-49
16
38
-12
61
24
-39
-94
13
-27
-20
10
22
64
-60
51
50
-39
66
51
-12
13
-33
-60
21
6
75
-57
-63
-37
-68
-32
-53
21
14
16
0
-37
2
42
-25
-14
18
47
-22
4
-3
24
-6
69
-11
31
29
-21
-71
-24
2
-30
-4
-4
46
-10
22
-99
-70
-7
-13
7
32
-5
2
47
11
-28
-21
-12
-33
-82
3
-53
-50
-9
-19
21
28
22
60
18
-48
4
-1
-63
-34
-23
-45
-10
-69
18
-4
47
62
75
14
19
-3
-27
-23
50
-35
-55
43
-15
-5
44
-10
22
-18
18
7
7
36
40
-79
51
-17
32
57
-24
56
-25
13
-29
-5
-45
-15
41
124
-12
-69
5
-8
39
-5
-6
46
-32
-26
29
-30
-24
15
-24
-66
-19
-67
-5
21
-102
-20
-44
27
-7
-37
10
14
-19
14
-19
43
63
13
18
-20
31
21
21
14
-9
-16
36
-83
27
-36
24
-1
13
-5
21
-16
11
5
-12
-7
42
31
-48
-28
-10
-23
-1
15
7
41
-10
6
53
-6
17
-50
-26
48
-19
24
45
39
-20
28
-15
19
78
-54
-73
3
18
48
24
20
-42
-16
5
6
-59
17
-9
23
10
14
-43
-2
-32
-36
-56
-33
-21
16
-24
19
-53
60
25
-38
-51
32
20
-35
-20
-15
-37
-11
-7
6
39
-3
8
-49
29
35
-9
28
38
-14
-8
13
-30
18
-11
-23
6
60
-3
36
20
13
24
-16
-15
32
-51
11
-2
-10
-10
-10
19
-28
-38
54
-13
-21
-23
19
-41
-40
34
50
-17
63
14
-39
-31
46
-11
0
-4
20
12
19
0
42
12
25
49
-11
-9
9
-10
-30
25
-12
-10
-17
-19
32
53
38
15
-53
34
-26
22
-22
44
-13
-59
51
10
-12
-8
-9
21
41
2
81
-17
55
13
70
39
-45
7
20
-14
-13
-24
4
-18
13
41
-45
-4
-46
-6
-61
0
-27
6
74
1
-29
-91
44
48
50
20
-19
-13
52
15
-9
37
19
62
20
10
20
-32
-26
-6
37
-6
-39
-42
6
49
-37
10
6
12
-58
-41
-27
17
-32
-33
4
-84
-23
46
-25
51
-73
4
52
-71
-6
15
47
5
5
-48
-2
-2
38
-30
-37
110
21
4
1
-3
-15
-42
-14
-41
33
15
-2
-77
-52
52
-38
-48
22
-2
62
-44
20
8
54
-15
-15
2
36
-4
34
-8
-65
26
3
43
12
-44
4
10
50
-6
-19
55
49
27
48
-5
18
36
-32
-24
41
31
-26
-25
-11
0
-40
-40
-80
-37
-75
-28
1
-67
-9
-24
8
-25
74
-16
-31
10
2
-1
13
57
-76
-24
-36
-26
30
74
-60
6
37
26
-11
60
26
18
19
-9
49
-10
-10
15
40
-18
21
-16
2
-6
45
-14
13
-46
51
-6
48
29
-35
47
18
18
46
-62
-52
-11
16
-27
-9
1
-7
44
-20
55
37
-25
-36
-16
3
-38
56
-50
79
-1
64
55
-21
-34
52
-60
-9
-43
-4
68
-65
-49
-81
48
21
-4
-27
2
-26
-2
27
-26
-46
5
-49
52
14
4
-6
1
-8
-37
22
1
-2
-19
7
-28
14
-13
-17
-29
65
14
-36
-19
34
43
-25
-1
-16
-34
-29
25
-19
-78
18
-33
-36
17
10
24
8
-46
18
18
56
70
10
14
43
-15
59
-26
37
-9
26
24
-24
-16
-22
-10
-6
36
-35
46
36
-25
17
42
-12
-1
-24
-11
-41
-17
-6
27
25
-37
8
-12
70
5
-3
16
71
-11
39
-27
32
-67
-59
28
36
-45
-89
-18
27
-31
9
28
10
-40
-55
102
9
38
13
-20
17
-46
40
-10
22
1
4
32
-17
-30
-66
-16
43
-14
-43
-5
-9
60
17
6
-25
40
0
24
52
-51
63
-8
61
3
9
-34
52
-28
-12
30
-19
29
-41
2
-43
-10
51
34
-24
-44
64
37
-44
34
-43
-14
-1
21
52
-32
30
27
21
-9
59
30
7
2
-19
22
-5
-18
25
23
16
13
-14
-38
3
-7
39
38
-25
18
-18
11
0
-34
9
11
-45
32
-19
57
2
-52
10
-73
1
29
-1
5
-9
0
-14
-16
-44
68
12
13
24
-28
-5
-33
27
41
26
-42
20
-49
-113
27
-6
5
9
42
-32
-43
2
26
-10
26
-21
23
-49
68
0
1
-51
49
-28
4
-16
25
31
63
27
42
-17
11
34
17
-46
-11
46
-36
-23
-77
21
-39
-7
3
51
45
-14
-4
28
0
-33
52
-37
-45
10
7
-4
-36
5
20
14
66
-21
41
-28
-15
-38
0
-6
-13
-6
-17
-11
-8
35
-31
33
-37
-7
-3
7
5
-24
11
32
2
42
32
18
45
-31
-25
8
50
-4
3
4
-68
-19
-25
12
24
18
17
-8
-2
5
-26
49
43
106
19
-25
-7
12
-59
-17
-22
-28
42
17
6
30
-21
15
61
-3
-35
34
-20
-21
-9
-14
56
-42
-12
53
45
9
10
-26
15
33
23
15
22
-16
17
30
-23
1
2
43
3
-38
18
13
1
-21
77
-20
-37
-11
14
-50
3
29
-14
-55
-38
-14
-37
15
-8
14
-54
28
-17
77
-12
-45
30
-48
-24
-37
-18
15
-32
-46
11
40
-13
56
-21
-12
-37
3
-4
-52
3
-13
39
80
-85
-34
64
82
52
21
39
18
40
12
13
9
63
-48
16
-59
5
-56
9
41
-1
0
42
18
-15
-65
-45
41
-46
14
-37
20
-44
-17
-2
28
32
30
20
-10
7
10
-14
24
16
-35
20
15
-44
17
-54
1
-35
15
30
-39
-12
-22
2
-56
-1
-76
41
59
30
26
-21
40
-25
23
9
-5
24
55
23
54
39
-28
23
4
-7
-2
-10
-48
-22
-66
24
84
38
-19
-2
6
-15
-12
3
-24
-30
34
-3
6
16
-21
-30
-10
-45
-7
-63
-33
48
44
33
-16
75
-8
-11
-35
-52
-9
-41
17
19
34
38
-45
-5
-33
22
11
43
17
-49
-19
-17
-22
9
2
-10
60
37
20
44
-31
-43
40
-1
10
38
-38
41
1
19
-28
0
4
-20
11
7
-51
0
19
6
30
-29
0
35
10
4
-17
60
-72
-22
-37
35
-33
-57
-6
57
-2
39
-10
-15
-2
-34
53
15
-15
25
6
-3
-30
4
-9
-26
65
-1
23
23
61
-24
29
-25
86
-74
15
14
-31
-19
33
23
-9
53
-23
-19
19
-7
-63
-3
49
33
54
21
-31
-7
-11
-57
-10
39
9
16
-98
-9
-47
42
-24
1
4
38
-4
32
-14
48
-35
8
-17
-35
76
-16
4
3
-12
23
11
11
-16
4
1
-6
6
68
-10
12
-11
49
-37
-25
-12
-8
49
21
41
42
-63
44
52
23
67
-60
-72
-14
39
3
1
5
0
-24
61
69
56
-13
14
17
35
6
-6
-57
19
-9
-45
-2
-18
-25
5
-42
1
-47
12
-8
-4
-15
17
-43
-50
-57
-72
-10
12
-60
-39
-26
-66
52
35
-4
-22
24
31
26
4
2
48
-32
21
60
26
13
-27
18
3
9
21
-44
56
19
-65
38
-79
-37
-2
11
34
-9
-48
-18
-20
41
-43
-5
-30
27
-32
52
-38
-20
-24
10
-19
54
-34
8
-5
6
-35
16
17
25
18
-40
-15
-11
8
-16
16
-41
1
-34
-34
-28
3
24
79
71
-38
59
-21
13
-47
8
39
-19
24
-65
32
12
15
7
16
34
-6
2
7
-52
38
-37
-26
28
-4
-23
-23
20
-8
-2
16
-22
-29
-94
-43
-29
-12
25
21
-42
-16
-11
10
8
-21
24
-15
25
-45
-17
-20
23
-5
27
-51
-28
5
-58
47
-27
-36
12
-31
-10
-26
-21
-30
-54
-20
6
5
12
35
-17
-25
-12
-20
-41
33
5
16
44
-14
-39
-9
-19
34
10
-17
40
-17
30
-45
-10
-39
-21
-50
35
-6
25
-53
-6
-4
45
-1
13
64
-2
1
-31
33
16
-16
-20
42
-42
51
38
15
24
-51
25
58
-43
33
34
14
-23
17
0
-19
-44
-52
9
-55
-21
-4
-13
2
-10
-14
-21
-47
-24
46
-8
8
-37
28
-12
77
-16
0
-22
-53
-3
-41
4
39
46
-6
-26
-27
-24
-13
-18
-11
40
-32
70
60
-11
-26
31
-16
41
5
-29
7
16
0
-21
-18
-3
-47
-28
1
-10
22
6
-7
0
-5
-58
-1
-28
-4
73
11
28
-11
7
10
51
-16
32
-11
31
46
-46
-58
32
-10
53
56
10
4
46
41
-32
-9
49
76
-70
-42
12
-24
49
-9
7
37
3
34
-38
40
-47
-2
21
47
51
48
-65
-63
20
-17
-13
-1
-6
29
-18
-24
42
-36
-15
6
-15
6
12
-29
-32
-55
4
-81
18
-42
0
11
10
14
78
39
-9
4
29
-21
-27
10
84
9
37
-26
5
62
16
-33
5
-6
-23
-25
13
10
-7
-6
27
-19
20
22
-14
-17
-15
69
16
46
10
-60
52
83
-90
13
-13
22
2
14
34
-71
48
-5
53
18
61
-13
-34
22
27
-33
12
-22
34
59
-17
-54
-21
16
-11
33
-34
31
-31
31
-82
7
-23
44
-28
-8
-44
-29
-22
35
-29
-11
70
-67
14
17
27
10
46
-12
27
45
-81
-12
-38
69
-19
44
12
-19
-9
33
-56
18
35
0
59
3
62
-8
-34
39
75
23
27
-45
25
68
2
70
31
0
-11
68
53
-11
-8
-18
