-41
33
-1
4
-21
-31
27
9
-33
4
-26
43
-6
83
58
-26
-7
8
-22
2
13
62
-21
-40
-23
62
55
-44
-64
-14
-36
21
30
47
21
25
5
52
17
37
31
-13
21
59
8
19
67
-2
14
-19
-28
-50
-6
43
30
-1
30
-8
0
-15
60
29
-17
-47
-45
-7
8
-34
13
-26
-23
-20
-14
-6
3
5
8
-11
67
11
0
15
29
-53
-25
75
-14
13
38
11
-12
-56
41
55
-12
54
6
45
-13
-27
100
-31
-24
65
-12
40
44
32
-39
-34
17
-74
-80
77
-18
73
-53
36
57
22
-7
-12
-32
75
-7
21
-15
11
38
-11
-17
1
-25
47
31
-19
-17
-8
44
54
23
2
-16
-39
0
67
38
9
64
76
21
-63
17
43
34
22
-37
1
51
49
10
-63
-21
55
14
0
52
36
-11
-43
-48
14
-83
2
27
-6
-40
-12
9
-9
6
22
44
28
21
47
-34
-18
43
74
1
1
-38
-22
-16
-5
15
-46
45
-15
26
-16
5
12
37
50
16
-10
-9
16
22
-10
46
11
-37
-1
-17
-17
28
82
21
-21
-14
-34
9
2
24
-5
24
-5
55
25
58
40
11
-29
-8
24
-6
-20
41
20
28
20
10
-37
16
4
22
12
-8
32
-32
14
38
4
57
83
24
-1
6
32
-46
38
15
42
-11
71
13
-22
6
25
72
30
4
-25
67
37
45
57
34
-1
10
-61
-35
12
-73
-20
-24
-25
21
42
6
-59
14
-3
-15
7
-37
46
16
31
-31
-17
-30
24
41
28
16
-28
-49
-91
10
14
-27
8
11
-16
-41
16
5
17
-21
14
62
-32
22
0
-22
19
9
-49
39
-58
-35
-1
-23
-6
35
54
5
-25
25
59
-11
10
41
1
4
14
-2
27
19
24
9
26
-8
-22
-21
-19
34
35
-66
61
0
40
-3
-10
-38
62
-63
25
68
50
40
66
-8
42
40
-21
-54
53
11
33
-10
33
-16
24
12
-4
-70
-18
-22
25
-25
7
7
51
-40
-44
29
42
31
5
-6
-30
38
67
-28
-16
34
7
-3
-4
-21
-8
23
31
12
77
-9
-27
7
-20
6
69
-42
-47
-49
50
1
-57
5
-4
43
-53
-30
-21
-45
38
-86
-12
-66
13
50
-51
-8
17
25
-20
35
-58
37
31
44
-42
-7
37
40
9
-30
-24
12
11
-30
-27
38
46
-68
57
26
17
-13
60
25
55
20
1
-37
-19
-16
-56
-14
-8
16
-42
-20
9
24
19
5
-22
-36
1
27
-21
6
0
-32
-21
9
-24
27
9
50
9
12
58
13
-21
12
-21
43
8
8
59
-24
-54
-5
0
26
-5
10
-24
-19
-75
15
2
106
47
-14
38
14
-5
-43
39
4
2
-7
-21
24
57
52
-15
55
-22
-14
64
6
22
-5
-3
1
-3
-18
59
-13
37
13
23
-22
-28
-8
45
-35
27
41
-8
61
18
-16
-28
-46
50
-3
25
-41
-25
8
59
-42
-17
30
46
30
50
-1
74
-49
32
-58
-16
-15
-70
-11
-8
60
-19
-6
6
23
-27
55
-2
37
-9
1
11
8
48
51
5
-5
26
-24
-42
20
42
-13
2
53
0
-9
7
-3
37
38
-50
25
-16
33
48
29
-44
17
-10
-28
-28
-52
49
22
59
54
5
27
-27
3
10
48
38
-11
3
29
-19
21
59
11
-16
-32
94
-53
34
-61
29
-23
3
11
-14
-5
-50
-33
57
-27
-39
-107
10
41
4
-33
54
19
6
22
41
1
37
9
44
-5
5
33
-2
-64
0
89
-11
-25
-7
5
-27
2
40
17
4
19
3
-37
-17
-15
-32
-31
34
-74
-3
31
101
-48
-30
29
-65
-64
-17
-20
10
-19
32
25
-6
-19
26
9
38
-42
8
30
7
28
-7
-27
-37
-2
39
28
27
8
-36
-3
22
40
-37
-37
61
-60
-14
22
48
35
-39
-19
-40
45
-4
22
11
14
-19
-31
-46
62
29
-24
10
-3
-10
-41
59
44
-11
18
35
5
4
25
64
28
10
6
41
19
-28
8
27
44
48
-16
-9
48
2
41
-61
-37
-5
-20
-21
-27
-15
11
33
-8
-4
-78
33
22
-8
14
-49
57
-47
16
24
21
-14
4
-9
-18
20
19
7
-33
-19
44
-38
-3
57
-43
24
-17
10
-46
20
-52
55
0
1
26
41
-64
-3
-35
44
-1
18
-5
14
25
28
28
9
47
-53
35
-6
23
35
12
70
5
20
23
-53
35
23
38
-4
-5
-41
14
28
53
20
3
-11
-8
30
56
1
12
31
9
-53
12
-9
-41
12
-54
-13
52
66
-1
-11
52
-35
30
42
-53
-27
-41
-27
5
3
14
10
15
54
16
29
-27
-25
-41
60
12
-54
20
3
-44
-13
78
29
37
-10
62
88
-18
5
1
44
32
-18
11
-27
68
-30
-8
7
-8
-38
21
-3
-8
55
30
-9
4
-48
-48
-36
-26
-21
80
-30
1
51
31
14
-11
66
41
25
23
-17
15
47
-27
1
-16
-43
-6
-13
-26
24
-14
9
23
-44
14
9
106
-12
17
27
56
-22
30
57
-30
-52
-22
59
24
-19
27
-18
5
70
34
21
35
10
-56
24
-22
31
19
-8
-11
94
-69
-66
33
6
-10
27
11
-35
22
17
16
-18
-31
-4
11
14
17
7
-36
-44
10
24
4
13
13
-39
12
22
15
12
6
0
0
81
-16
37
-43
-88
48
-38
24
-4
-88
25
-1
52
-45
-61
-40
7
32
17
58
3
-9
5
-20
-13
24
-44
-36
-25
-10
-25
-59
70
45
56
49
-39
17
-7
13
-1
45
-20
57
-56
-70
112
62
50
31
1
-15
-16
-25
-12
-1
-36
4
56
-8
-37
-38
26
7
41
-42
-18
-61
-12
61
33
-19
27
41
9
21
45
-67
-36
29
29
-25
10
60
1
12
42
0
-10
22
4
33
3
4
25
33
-21
22
18
40
-19
-46
-41
28
-39
55
-8
17
18
41
33
23
9
10
14
20
-45
-13
-4
-5
3
4
21
-25
7
4
-49
-58
7
68
70
-22
-26
32
20
5
-15
54
-21
80
-33
22
12
-8
-25
77
23
-9
26
-42
-20
28
-11
-62
46
15
12
49
-1
32
26
60
-3
-17
40
-19
26
7
-20
-8
-8
66
108
-33
32
-4
-1
-11
-14
8
7
3
29
8
-25
-12
-35
-35
66
47
6
4
-17
-37
40
-4
7
-18
-4
15
30
-6
2
32
-23
36
12
-51
-8
36
16
11
47
18
38
25
21
71
39
-67
53
36
19
-54
40
24
27
-47
36
-21
34
80
-16
-51
18
16
-13
-37
-5
-18
59
-10
-38
-22
25
39
48
-53
30
77
46
45
2
22
28
19
-53
19
8
7
28
-28
-37
30
25
49
52
33
25
7
68
-11
25
-49
4
59
-25
17
-13
-3
-15
51
21
17
87
14
14
28
-5
-74
50
-22
15
10
-15
-10
29
50
58
7
29
39
29
30
-3
4
64
21
-16
-29
7
-33
30
44
34
33
8
-56
8
44
-44
26
39
17
10
-19
-32
-19
-15
13
30
7
-6
3
19
11
-28
34
-1
55
36
17
33
36
29
-3
29
44
70
-58
16
6
-1
72
3
-21
40
25
-44
-28
-11
17
5
45
-7
-1
47
20
-62
7
-6
53
-9
31
56
52
27
55
-48
-12
13
15
-11
8
24
74
29
42
-1
15
22
13
-69
-4
-32
-32
-2
-56
-2
-9
-35
46
-15
-22
17
37
10
20
-3
-10
-16
59
48
-28
21
37
28
-5
21
-21
14
22
28
62
-2
-25
72
19
44
18
-8
-25
-38
26
-6
-8
13
72
-21
1
-18
-3
21
29
-6
34
-13
-37
-13
-40
-25
25
65
-24
-10
41
-23
36
18
35
-6
-1
-45
5
10
-20
73
51
-21
50
-12
-11
28
-51
6
-8
-21
38
22
-4
49
12
28
51
-18
48
48
39
20
-35
12
-35
0
-8
56
-21
81
11
5
-19
-46
-14
-16
-58
-27
-7
-17
-39
-11
16
3
-24
-5
-7
10
9
20
33
-18
-23
7
59
47
38
2
-66
-23
-8
5
-1
0
-3
-24
37
-22
20
-32
-36
-19
64
33
-8
-15
-4
29
40
-8
-9
53
-3
27
-12
14
7
-20
40
3
14
50
-54
-20
21
27
-23
-39
-39
8
29
19
-11
-4
32
7
-44
36
26
-14
-12
-28
-26
-31
4
23
-6
14
54
-14
52
31
-13
-38
87
6
14
-5
-25
-12
44
9
-36
-18
40
33
-12
1
-26
33
4
-12
-31
-10
-62
9
-2
-33
-24
52
26
-14
-89
26
32
9
19
47
37
-21
13
9
-23
-52
-38
5
52
15
57
51
1
-19
-2
-14
29
-64
9
-8
34
29
32
19
6
-11
-17
20
-42
-47
79
59
-24
33
17
-7
51
41
7
8
75
24
3
-15
-1
63
33
-10
-21
1
62
56
15
-4
-3
35
22
77
-17
8
-24
22
14
-22
-50
39
43
2
35
-16
-12
-24
6
-38
-40
-5
-5
53
-3
-16
20
48
44
-23
-21
4
0
-37
2
52
14
14
29
-4
-56
39
-20
14
-19
-29
4
5
-2
-21
-57
32
1
31
9
35
6
-41
-9
3
-32
50
-17
38
23
-48
46
17
3
5
29
19
16
63
-18
56
-4
52
39
-42
21
-22
23
71
38
-68
-44
51
52
32
-5
-1
13
-11
-9
54
-36
36
70
-6
1
-63
8
93
7
8
-20
-8
5
7
36
7
70
89
-21
-18
-23
-17
7
-18
19
3
39
10
57
42
32
-6
-50
64
-6
48
67
4
30
1
-27
-111
-17
31
-16
-22
32
-11
-40
-20
-42
13
-32
-24
8
-1
28
17
22
-12
-94
-5
-2
29
-10
-30
15
-7
27
-4
-19
22
12
-23
-44
0
-31
-12
52
55
32
7
-49
19
37
-49
-29
33
19
-14
-7
35
-14
19
23
29
-20
65
13
14
22
4
33
-31
-25
-11
-4
0
-4
21
1
9
-67
17
-23
-51
26
34
22
-51
-4
35
26
1
-11
31
-9
-2
49
-17
31
-11
-17
-38
15
-3
0
-57
-12
-79
50
-2
34
-14
20
22
-24
2
54
3
-9
15
12
29
0
-36
20
15
-63
-62
-22
0
-54
41
30
57
-43
-11
9
-35
-7
35
36
37
28
-55
43
12
4
-6
-9
29
13
-13
40
13
6
22
-33
-63
-15
20
-34
-60
-29
-45
1
44
10
14
17
-65
-41
-38
-64
-15
-7
23
37
28
-13
29
31
-32
28
91
-70
51
-34
-5
-21
37
-39
29
12
-3
16
30
-12
27
22
3
-15
13
-21
54
37
-57
-49
-33
-30
43
35
36
-16
51
54
-3
42
-6
16
1
-20
0
-4
5
64
-17
-20
2
57
-24
9
-41
-13
39
-54
20
28
-8
-29
18
35
34
61
-22
-7
19
-9
52
-5
38
-43
0
-48
13
-53
2
86
19
-50
-11
29
-48
-12
-30
23
62
58
-24
0
35
-20
35
-42
14
-52
-86
69
24
-34
-24
-19
-28
-2
5
-8
17
21
30
47
17
29
-20
-8
-34
-42
-15
94
-17
-3
16
-12
-7
-33
7
-2
5
45
-4
59
24
33
-1
13
42
36
15
22
13
15
12
-39
-11
20
66
49
24
-18
4
66
42
30
6
-13
13
-22
49
12
-39
5
-34
68
30
-5
35
-22
66
-22
-24
-9
-14
70
12
6
14
-41
3
-34
19
58
21
-11
40
1
9
79
-6
14
-19
-41
8
50
33
39
4
-10
26
15
-23
38
-9
29
39
-25
20
-27
44
66
-37
41
61
44
-10
-6
-24
64
5
23
27
40
55
29
3
1
4
46
18
-51
-14
-15
14
-6
41
38
17
29
-10
-3
-11
-49
19
-20
47
35
72
-3
12
-21
-1
-44
26
-1
-22
-11
-21
20
8
-69
35
7
50
-24
-51
-55
-41
21
36
23
-2
31
-32
-6
-8
12
-1
28
5
-24
-4
0
30
46
39
-41
-39
48
4
10
-6
51
23
24
-17
-14
-4
-9
18
6
-20
18
-12
73
4
14
53
16
-36
-12
-32
2
78
-7
-30
-13
-40
29
6
-31
-16
-4
7
28
-5
-3
-20
-57
13
-11
-42
-13
11
-9
-19
-41
-2
5
-73
82
-16
-37
-49
16
-31
15
22
-22
8
16
20
-18
37
25
-22
3
2
11
82
60
0
-38
59
0
-24
35
-39
-2
35
-4
-44
-9
32
1
48
-34
36
-3
-31
16
-4
-39
45
3
30
25
42
17
40
-2
51
18
44
-52
75
-38
30
11
-40
53
-27
-20
33
-38
-12
-4
6
44
33
21
-29
-4
-14
66
18
24
-27
42
-73
-59
-36
114
41
-4
-9
-34
72
30
6
2
-19
1
38
-7
-23
5
-13
-23
33
27
15
-20
-62
65
13
-8
-16
79
22
4
-49
7
70
19
63
9
1
58
-22
8
-23
-35
18
-10
8
9
-26
19
-32
11
-17
20
13
-21
62
29
-23
6
-2
-19
-20
30
-4
-9
63
37
13
36
-21
30
38
-24
14
37
66
-34
-12
-15
68
-10
-31
-8
27
0
-1
32
27
-31
-5
24
-13
21
-18
-3
-50
81
36
-21
-55
-16
-19
-54
3
27
30
36
-8
22
-10
-22
0
-42
52
-5
33
39
1
53
-35
57
54
-31
-16
-13
-5
-4
-1
19
-9
38
-11
-32
34
66
17
15
38
53
-48
0
47
23
6
27
4
-74
35
6
-19
-28
9
-6
7
6
18
-33
4
95
0
-12
-40
43
2
-38
5
28
38
48
-25
-50
-30
18
19
49
-15
3
18
-16
49
30
-62
4
12
13
-4
6
-55
23
-16
8
-2
-57
14
23
55
-13
37
21
36
36
50
-7
-51
16
81
34
-69
33
48
13
61
38
-58
48
-16
49
21
-20
-28
-41
-36
24
-61
61
-32
39
29
-49
13
-8
-10
-3
19
64
-30
-3
16
6
45
73
32
19
-35
31
16
60
-13
-27
9
-6
-23
20
26
-14
38
-5
-20
-1
40
15
-21
14
-11
-38
-25
44
-27
51
38
14
38
-13
66
-46
54
14
-46
98
3
61
12
27
25
4
-2
-53
-19
-41
-27
14
10
22
-11
-22
21
-53
-13
9
-24
34
-50
16
2
4
71
36
-2
65
-1
22
-6
21
13
27
-29
-15
29
-8
16
-46
-14
41
-13
31
-2
2
33
8
49
8
55
2
16
27
25
-20
14
52
65
-8
-31
-24
-40
10
-22
26
11
-2
-2
24
-28
27
-24
26
18
54
-21
-63
-28
-42
26
20
-25
4
-49
4
-42
94
-25
31
-13
29
-18
34
70
7
-16
25
-24
54
57
17
-80
8
51
0
18
-34
-57
-16
-65
-38
30
32
27
6
-28
-23
47
-29
13
-15
-52
-13
-57
36
-3
-3
28
-41
40
24
56
-52
37
44
-96
-13
17
-34
-36
-56
-4
45
70
-27
8
5
15
22
-21
32
62
-8
37
28
12
9
26
-15
-10
1
1
-45
16
41
26
-6
-42
71
41
49
-2
23
-55
61
47
19
-44
79
-26
17
-38
8
50
-41
29
1
24
32
-7
-15
-4
36
35
16
37
11
46
-2
4
-6
12
-43
4
27
11
-10
40
62
-28
-47
16
38
22
-10
4
8
6
7
8
10
11
5
-19
6
-14
22
-5
49
25
-5
23
12
32
12
45
1
54
25
45
3
57
-3
34
19
-16
-61
10
10
24
-41
34
7
-8
12
28
-1
-25
8
-15
64
34
11
26
46
-9
-25
-33
26
-21
59
-9
5
45
24
21
8
-7
27
33
4
-46
10
42
-8
29
-3
38
12
-55
-21
45
55
-38
-1
-40
-24
3
-41
-4
-36
12
-13
54
11
39
-36
28
-27
-28
-17
-27
22
14
22
2
43
4
5
12
56
50
-20
-12
61
-24
46
-13
4
-36
43
78
28
47
-12
3
16
36
62
-11
40
44
-24
-8
30
40
7
-14
10
-31
-2
-34
13
-16
0
-26
-28
-3
6
-29
-7
32
-45
30
-2
33
-71
-50
-15
13
11
11
-2
71
55
-47
74
21
-55
-3
54
-31
-29
-42
4
-19
-8
45
-1
-20
37
-35
-7
15
-5
31
-35
-53
36
-61
33
18
-24
-45
-3
53
3
26
50
67
6
-71
-35
40
-46
-66
-7
22
13
60
-47
28
-26
46
12
11
-43
-12
32
6
-62
7
-20
6
4
61
-32
-53
2
-46
-15
-15
-9
59
-30
-44
-41
4
-20
34
5
24
-10
0
-1
-7
84
1
-13
-36
4
25
-50
-18
18
-7
31
-22
60
-3
19
12
4
-13
42
12
10
19
108
-27
11
57
-12
20
16
9
29
-6
-42
-17
58
61
9
-14
18
6
35
-58
29
9
48
5
-22
37
-43
47
35
-21
18
-73
2
-32
82
37
18
97
4
38
6
-1
63
28
-16
5
-3
-18
30
-1
17
-17
55
-4
25
39
-74
10
18
-33
-4
42
34
44
34
1
-26
5
8
-40
-77
-25
-16
38
18
-11
-49
-10
25
35
-16
21
78
-54
-34
3
-2
1
-12
-14
55
-38
-16
6
-7
3
46
28
49
-13
22
20
-16
-15
13
-36
59
7
74
-7
44
22
6
73
-55
-5
4
29
-20
55
-22
4
-27
5
-1
4
52
-15
-14
8
-33
19
-10
-16
0
-16
77
32
13
-54
-22
-6
-14
-6
32
-34
35
34
31
-14
5
3
29
-13
-15
45
-30
68
2
-21
-36
-51
33
-10
21
-13
-51
3
55
-39
46
41
36
-8
-62
-42
15
35
35
22
24
-22
7
-17
-7
1
34
57
31
11
-32
8
-28
7
0
30
-7
0
35
14
-23
36
10
-10
33
10
30
25
-1
15
-48
-8
31
36
41
43
7
18
-37
29
15
34
87
26
-88
15
6
50
-3
-1
2
27
-28
15
-65
21
74
22
-22
17
20
-18
-7
-16
6
9
30
-15
12
-5
20
33
-8
93
11
5
42
20
28
12
-29
-18
-14
-41
18
9
-106
-52
-54
17
12
24
70
38
-46
42
29
-21
43
42
-8
67
-20
9
39
7
9
77
10
30
63
-16
-9
64
-31
-4
13
19
55
3
46
-7
-35
-9
36
29
6
28
24
44
80
-43
31
-20
28
30
23
30
2
9
16
-28
-1
21
-13
25
-6
-35
52
-52
47
-1
51
7
28
73
27
10
-20
-4
-12
41
-8
32
-89
21
16
35
3
-37
16
59
25
66
25
-43
31
30
-11
57
1
52
25
33
16
26
58
-13
19
71
21
4
-25
-10
-6
-37
-9
-31
9
2
60
-16
36
-12
-54
-29
21
19
52
-7
44
-9
35
-7
31
54
14
-5
-5
-4
40
38
-27
42
-3
45
-22
-25
-17
71
2
2
5
-44
0
-10
-20
5
8
18
-10
23
-31
42
23
17
13
99
9
-34
-2
30
-19
25
2
-56
-50
72
18
35
-63
8
114
-12
12
4
57
36
21
15
-12
2
43
-7
-28
-73
30
7
56
10
18
16
17
-16
54
-10
26
-7
55
-8
44
-15
35
-2
32
23
-16
-34
2
11
-42
-41
-27
8
-5
29
-17
49
37
-42
-80
10
45
40
-47
35
-17
13
34
33
14
24
26
-15
-6
16
28
-36
64
54
-8
-45
43
-7
-60
12
82
12
31
-5
102
31
31
-6
11
-1
58
22
-36
67
34
-8
26
-17
21
-1
-4
0
-59
28
-16
-18
-12
-46
69
-19
-14
-15
-25
-13
-35
58
-26
1
50
25
37
20
-2
56
-17
64
-13
-1
28
-26
32
-66
-5
36
18
22
-34
-50
-65
-20
-41
10
-30
25
22
-24
-18
43
-32
15
109
-7
55
19
24
4
-34
-5
29
-9
0
5
29
-20
16
-18
-2
-9
38
-5
-42
45
-11
2
42
25
0
-14
30
-23
50
0
-4
-1
-4
19
0
-4
17
11
13
83
-34
32
-18
-1
-17
-17
66
-10
36
33
16
8
2
23
32
-32
22
29
-7
-15
43
4
71
77
-45
-20
-60
17
4
45
42
-62
-29
16
0
-33
18
21
-24
34
8
20
-9
-46
44
31
8
24
31
31
50
25
-62
66
9
41
52
-1
-43
9
24
39
9
10
-6
17
-75
40
-4
59
12
7
70
52
-5
4
9
-15
59
-20
20
11
16
-26
22
62
67
-16
-14
30
48
-4
-49
-31
67
45
40
-56
-36
-22
-12
26
-85
-5
-87
21
3
38
74
-6
69
-5
-1
-1
3
22
-5
-14
21
0
-24
-35
-51
20
-6
25
-21
59
-38
-36
47
-38
20
42
42
43
63
57
22
-19
36
-35
-25
-20
-15
-19
-15
26
72
34
-11
57
-47
24
1
67
33
13
43
-23
28
31
43
4
12
-1
75
-23
24
33
9
85
-7
39
-23
40
-33
-70
-46
6
50
-67
-23
-3
9
-23
-1
-19
47
14
105
-38
42
32
53
-17
44
5
-17
-14
56
-29
-29
26
23
-65
0
-23
12
-37
-31
34
21
23
32
7
-10
22
-30
-8
-12
-4
0
-29
12
23
-17
-45
52
42
-56
8
14
-52
-14
-21
42
-11
-23
-22
-43
-44
11
55
-45
-19
-48
-25
-22
-39
39
-13
59
-16
83
-13
30
63
4
16
24
45
-50
48
-71
5
-14
22
62
44
34
23
-20
53
18
24
1
-44
11
9
4
-24
108
38
17
-56
-56
-30
-82
90
43
8
8
-22
18
30
48
0
19
-21
-36
29
-15
40
-17
4
-8
-36
13
-60
-21
-13
-65
27
4
31
3
28
13
-7
13
-53
26
-1
7
-12
-4
36
-27
-44
19
-14
12
-31
53
-17
38
-3
1
-96
11
12
28
11
39
21
61
8
-16
-11
11
32
-80
-25
-51
80
9
3
-62
99
13
3
-6
29
14
-9
65
-19
64
3
-21
90
-91
14
23
-19
37
32
-83
29
-20
23
31
38
-11
35
82
47
4
21
-27
-37
42
32
-36
-31
-25
-4
58
11
4
-30
26
-2
-52
3
15
-58
0
-74
4
-20
35
-14
-50
-10
-73
37
-13
-24
17
46
-13
-2
-19
14
10
44
-6
-19
-31
64
63
-11
47
0
-51
34
36
-28
-45
-13
22
-16
17
21
-13
47
-8
-40
41
11
16
-45
8
2
0
-53
-33
-7
46
-5
-15
80
-29
0
-31
8
37
-69
1
-70
-65
65
-23
-37
-46
15
43
-24
-44
24
-10
-30
25
54
-39
10
-1
53
-18
25
36
-29
-5
19
25
18
35
-3
2
19
-4
19
36
-68
4
-24
42
38
0
20
-54
65
-24
-23
10
-25
-4
-40
-18
-12
39
-3
42
6
-27
42
-54
-4
28
-34
61
88
43
49
75
44
46
-10
55
27
4
-53
-27
-64
37
41
-48
18
-28
21
-5
-7
37
-2
30
-30
76
-7
-31
-20
38
40
-24
26
4
-3
-70
6
-18
67
13
19
-3
-51
6
-19
-42
14
-14
32
-58
12
18
27
30
64
-14
28
-31
-10
14
4
13
-20
47
-4
-44
-2
10
60
-34
27
-20
18
-48
70
-22
29
50
30
46
-14
-54
33
16
32
-11
30
59
-3
48
-3
-36
56
52
-39
3
37
53
-56
34
65
8
-3
9
24
17
-11
60
-11
49
31
51
47
15
24
17
23
-9
35
21
4
-8
9
19
-35
61
19
6
24
62
-5
83
-15
65
-13
56
-27
-12
13
-59
-23
39
-36
-11
39
-28
-10
-40
-26
-10
4
60
-22
-14
0
36
-8
51
-18
-45
-26
-16
-4
0
60
26
36
-8
77
50
12
28
64
-49
-52
-13
-13
69
13
-39
-56
-52
10
41
-27
4
-4
-14
-31
45
0
16
-9
4
-8
-16
-16
-61
54
6
11
52
-12
-48
5
32
28
24
15
29
73
26
10
26
47
4
-84
-40
65
44
37
60
57
-13
-31
-45
-6
-20
35
3
5
-39
-27
3
-57
-20
47
42
48
34
46
52
2
56
17
33
-39
33
25
-46
-2
-25
15
46
-15
-87
28
-17
37
4
-70
-37
55
-52
-36
31
-35
-18
20
37
-54
3
-39
-23
0
26
32
23
-4
28
-35
-21
27
56
3
50
-18
-45
47
-6
53
-7
21
3
35
40
12
-14
78
-6
-38
40
-25
52
2
80
-31
18
26
4
2
-17
37
15
20
-12
10
29
15
8
-3
19
42
52
13
4
-14
13
27
50
25
24
-10
-42
-11
-17
-59
26
-12
-38
22
94
4
28
4
-33
44
21
36
-4
-19
-62
1
32
37
-4
-17
-30
8
22
-5
-1
-24
91
26
35
-50
-34
3
-2
-13
10
-5
72
32
-49
13
-17
43
18
-34
-16
39
-29
-23
-4
64
-30
31
17
36
-25
8
77
48
-11
0
-29
-22
-39
-24
54
4
18
-31
3
0
-55
16
9
-16
-21
6
-42
25
7
22
0
15
8
16
21
19
41
-56
1
97
-40
-14
8
-16
88
74
-30
-11
49
-11
34
-58
-22
35
-62
14
-24
-18
-101
66
86
-17
-23
0
-29
-36
32
7
43
-15
10
8
-12
-22
-22
1
34
40
30
49
52
10
16
4
-20
-3
33
-6
-10
-3
15
35
19
31
-1
56
-24
-54
50
-8
39
-29
-16
11
-11
18
31
27
-12
36
58
19
60
-31
23
-40
-11
-32
35
31
15
-29
3
-15
-8
-64
32
1
17
48
-7
-37
53
-30
58
-24
-48
12
-29
32
-9
-4
-31
-13
-12
-5
-9
-6
10
26
-9
49
68
-15
29
-31
51
28
-78
13
2
12
7
65
15
4
18
32
18
29
29
-58
50
-22
4
33
39
45
52
15
-28
-32
-6
2
-1
4
-13
12
-18
-31
-35
-15
-12
26
57
14
-21
37
-6
-55
31
36
22
2
-37
61
-20
30
71
66
-10
44
63
-4
43
-69
-60
8
-5
43
8
-20
-47
-16
40
-2
40
49
27
36
50
-12
-18
-9
-83
1
-18
-25
7
-8
