-5
-26
12
11
-10
-19
6
21
47
-6
-35
1
-26
-2
-28
10
-3
-14
11
23
-47
27
2
-8
-9
40
3
-23
15
39
12
-7
20
-46
13
22
34
-9
-5
48
40
-8
-1
-19
2
-1
-17
4
-18
5
-7
-7
45
-8
-56
-8
6
-2
13
-15
23
4
-38
12
-17
-12
34
17
40
4
6
13
26
15
-29
-33
-9
19
55
19
20
-33
7
-10
-12
-36
-15
10
-25
36
11
44
11
-13
-18
11
37
-40
8
13
17
6
8
54
36
-9
-19
5
10
7
25
25
-1
16
43
-33
-10
17
-23
-17
-18
-9
-15
-8
14
13
-4
28
-21
5
-11
1
0
15
58
-10
6
-29
-35
-59
-60
14
-32
-2
-13
53
20
-11
12
4
-10
-25
-26
-40
1
-8
3
22
17
2
11
14
15
-30
-10
-35
33
-3
15
-26
-6
9
-24
3
-24
-37
0
15
34
-28
-18
-10
20
7
11
-14
4
-21
-17
0
10
11
-48
-15
2
-12
3
-1
-2
-38
-25
-7
-14
-44
-5
31
9
22
-6
19
-48
0
0
0
26
-42
21
19
-4
-24
-25
3
-21
-2
-7
-40
-17
8
0
-2
17
-3
9
-39
22
4
-27
-14
2
-3
-31
-23
-32
29
17
3
-19
-14
20
-12
-13
-13
-14
-25
35
-19
20
22
12
60
-3
17
10
11
-3
-17
25
-4
-34
7
-10
27
1
-20
-9
17
3
5
-24
10
-14
4
10
-45
-6
3
14
-13
-7
-3
10
21
39
-10
9
-30
-47
-20
-46
-20
-37
15
26
-11
-2
42
37
29
-18
29
60
-6
4
-4
2
-5
48
3
16
32
0
19
7
-20
8
22
13
14
-8
3
10
-4
11
9
37
0
14
17
35
-35
44
20
-20
9
15
12
1
27
11
-30
-51
-31
30
-27
-58
-23
-17
-19
-13
-47
11
42
9
0
-62
-11
-16
44
23
27
-36
12
-52
44
-10
-39
0
-42
-40
-31
17
-5
-15
-44
-32
57
-23
2
53
0
32
-16
36
-33
10
42
28
-9
19
-4
6
-32
-6
13
41
-17
12
-5
18
20
21
-29
6
-22
19
56
-21
11
24
37
-5
34
-26
19
17
-32
27
-52
-34
18
-24
-20
23
-2
-7
-2
31
-13
-22
-7
-29
-8
27
53
2
10
12
-19
-15
35
31
43
12
-7
16
-32
6
-29
40
-19
0
29
-2
2
20
-43
15
9
27
5
7
-36
7
24
-2
8
-29
-15
-20
8
-15
-23
-10
-20
-18
14
-11
-31
-44
12
20
38
-2
-55
-66
3
-18
6
-46
-10
27
-14
25
2
-59
12
-30
-36
-12
20
-18
10
-6
-23
-3
-7
-19
-48
-3
-2
-38
-23
4
8
-19
31
-27
-27
-24
-17
5
18
3
2
-41
15
-23
6
-9
-17
12
42
-57
3
-20
24
6
16
6
-3
20
0
6
13
-10
-30
-13
20
45
0
-37
-25
6
0
-4
-22
1
2
-38
0
45
16
6
-10
-39
25
-10
-13
-36
-8
-13
-38
5
-12
29
1
8
27
24
2
-49
45
-17
33
20
18
0
-29
51
2
-61
-55
7
6
30
-41
5
-36
9
-36
-2
4
-24
56
-28
21
-25
-3
-4
10
-38
3
-8
-36
20
27
13
17
4
-12
10
5
-22
-1
9
0
-30
-51
-27
-3
-26
-13
-21
-14
-2
20
-17
-22
-16
-2
-14
7
3
8
19
16
-38
-10
15
16
-35
1
12
1
-11
-41
33
-20
3
-32
-2
-4
14
5
11
-22
34
39
37
7
-12
4
-59
20
-1
-14
-31
-15
8
28
10
22
50
-41
-26
-3
4
-7
28
15
12
7
-7
3
7
-1
-15
12
28
9
-26
11
-25
-6
0
-6
-5
15
2
-8
-10
40
19
16
18
31
-48
-39
35
-1
-3
-23
64
24
11
-33
-23
18
38
-20
24
-18
28
-21
4
9
7
-45
-10
36
-8
13
-27
-7
-41
-5
-26
-17
-31
-33
-35
11
12
10
27
-15
20
-11
6
18
-6
-19
13
-51
-18
-17
14
-26
-39
-4
18
-4
-46
37
-56
35
-1
17
2
5
-48
-7
10
-11
-4
-20
23
-20
36
39
54
-2
38
-39
-1
1
-10
-15
-7
6
9
-14
-35
-37
3
19
-20
31
22
19
-9
37
-17
-28
7
33
-2
37
14
7
-9
-24
23
-21
-17
-39
-1
10
-15
12
3
33
-10
16
11
23
-29
-27
24
22
16
20
3
-13
8
-26
-37
-1
32
-3
-2
9
12
-15
-12
-5
51
2
8
31
7
4
-8
51
9
-5
-10
-49
-12
-3
18
19
-14
36
2
-17
-6
-4
2
9
4
-3
-18
-26
-3
-16
20
10
20
-2
-9
64
-6
12
-23
9
7
-22
-23
-15
-28
-50
3
16
-14
12
7
-27
23
21
14
3
-9
-14
12
-17
-5
-21
20
-29
-44
17
4
-18
-15
-8
-7
52
8
-20
14
-37
-15
-53
-10
-25
23
16
-11
4
14
-29
-10
-2
23
22
32
12
4
-19
-3
-11
22
-21
-2
-4
-18
19
-22
-27
-24
26
-47
-15
-2
16
8
-18
-2
-29
24
-42
-56
-1
-62
-11
-35
-9
-9
-34
28
18
8
-18
-38
-29
31
-8
4
20
-22
21
6
-51
1
-5
-24
7
17
11
-9
-20
14
-8
-3
42
-10
42
0
-8
-9
3
6
-26
-22
12
-23
-21
6
-8
25
-28
30
29
-22
1
-9
-40
-22
8
-2
12
-8
-29
-11
-13
-4
7
-25
-20
3
11
34
-13
19
-6
-33
3
37
30
7
20
22
-12
1
31
7
2
-25
21
42
20
-31
-16
-5
-42
-20
-67
36
15
-8
-27
36
7
18
-16
-1
40
-3
29
31
26
-12
19
11
2
22
-15
-29
6
-16
3
1
-28
-23
-8
-20
3
19
22
-16
19
4
-9
6
43
20
15
14
15
-27
-7
-32
23
-10
-30
6
-11
-35
-13
-13
21
-11
23
3
-2
26
-10
11
15
5
13
-7
3
11
-30
-9
5
-8
18
-17
11
-38
-39
13
12
-4
5
18
-3
28
-3
40
32
-2
35
-20
-43
-10
-6
9
15
24
2
-19
-9
9
24
-9
-26
-12
2
-7
10
-15
-16
40
17
11
23
20
-45
-16
5
-19
-29
6
-37
-7
-1
-39
-9
8
16
-27
-4
-20
-32
-20
-8
-38
-27
-19
8
4
-15
-7
38
-18
-21
48
-13
18
18
-7
-13
13
14
31
-24
-74
14
-15
9
22
-10
-20
30
7
3
26
-31
-46
-13
7
20
-24
-11
42
-19
-35
-28
-18
-32
-58
-2
12
42
-8
-12
18
-3
-7
2
-20
-31
32
-21
46
14
-40
37
-2
6
2
-22
34
8
26
-34
-22
-27
-6
-4
12
-11
17
-24
22
35
5
7
10
-9
-47
6
0
4
8
40
-3
-3
-26
-1
15
20
7
-14
-6
-15
27
11
17
-7
10
-1
2
21
10
3
-14
-42
34
24
-14
-30
-12
-13
15
-31
38
-15
-16
-13
8
22
-16
22
-3
-2
-17
13
43
13
-13
-14
-7
-21
12
6
4
-10
13
-4
-23
4
-25
-8
12
3
25
-17
-18
4
-6
13
16
-14
-33
-3
22
-5
-48
-2
-15
4
-22
-29
11
-7
16
31
15
-33
40
-20
5
-29
8
-30
15
-23
20
-14
-18
13
-1
22
27
-14
-35
0
16
3
-14
28
8
-8
-28
-16
-6
11
-25
19
1
-4
-13
2
-7
-25
-27
-9
-19
-14
18
-27
-38
19
-13
-20
4
-20
-16
6
35
20
-20
-17
-40
27
-1
-13
16
-5
0
-12
-7
0
-13
44
8
7
9
38
-2
15
-4
21
-36
-36
-2
-2
-18
-11
45
-14
0
-20
-10
26
10
-29
1
5
11
-36
81
2
0
-40
9
-18
26
9
-18
-3
-30
-8
-43
18
-59
-7
8
48
-13
-8
-24
32
-15
-26
22
-6
6
-2
7
21
1
30
-19
10
-8
18
-54
-7
-26
-3
-21
-29
14
10
52
-21
33
-36
0
-15
7
39
-13
-52
-35
53
-3
12
-39
-9
3
46
29
14
17
-8
-12
-1
-33
-12
-8
-28
-11
-36
-5
20
-26
8
24
-29
1
0
-5
2
31
5
48
23
-8
-30
16
-50
6
20
-6
-22
-14
13
27
-12
3
-3
-14
25
-1
-3
31
17
12
26
24
12
10
-17
36
-20
-9
-15
-19
19
27
33
39
5
5
-37
-27
33
1
19
-5
13
37
32
-3
29
-12
76
35
-12
6
27
-33
10
6
15
-31
21
16
21
15
47
-26
23
49
58
-2
-24
-31
43
20
31
16
0
-8
-9
-7
21
18
-7
-23
33
28
35
61
29
-16
23
11
-31
-13
-17
28
-2
-27
-3
-10
17
-52
-26
0
-1
-23
-15
40
-24
2
-35
29
3
40
67
0
-56
-27
-5
-43
16
-15
-57
6
39
1
11
10
42
26
-21
-21
-16
28
-38
4
46
-40
7
0
-26
-11
7
-9
44
-32
-2
-22
1
-11
6
1
-5
26
15
-24
10
30
28
-11
-35
-16
0
14
-33
-40
-17
-23
22
34
-17
-49
-23
-24
-20
43
5
-26
13
2
-30
3
16
-30
5
5
33
8
26
4
8
-5
30
-10
-2
-1
32
14
24
-71
25
17
3
40
0
-40
22
50
1
-14
-7
31
-11
-32
98
-21
-30
-20
5
11
-12
-25
-14
-6
-20
-67
-3
13
-3
-9
15
18
26
12
-8
-32
4
-8
5
4
8
2
-4
6
3
9
40
-1
18
-20
-17
-25
-3
31
-36
-5
-18
14
27
-14
3
-14
12
11
26
-28
20
-67
-5
-5
0
29
-20
1
46
-37
-14
23
-28
-8
25
-6
-20
-40
-33
16
35
-2
-4
-44
-11
0
-23
21
18
-1
12
-5
7
-21
30
-44
44
15
30
-2
-9
29
10
-3
4
-52
9
6
36
25
-5
-12
1
-7
25
30
7
-24
-11
-22
3
7
21
-16
22
29
-5
-10
26
-28
-13
-10
-17
17
-43
2
-37
-19
46
14
-54
-13
1
-50
42
22
-35
-41
-16
-22
20
6
25
-4
22
-14
16
-6
-10
32
32
-19
27
39
-24
-3
13
-12
-34
7
14
-56
2
-24
9
-11
-15
-4
-7
-25
7
-20
53
-10
-9
10
13
-15
5
31
6
30
-13
10
15
-20
13
-9
13
-9
-6
3
3
64
36
19
-25
-8
-16
-13
23
23
-19
-6
17
6
9
9
25
29
-24
19
-8
-12
-13
-4
28
-15
-30
5
-22
-39
-3
2
5
-51
-13
-32
41
-2
14
-9
0
-49
-10
-31
41
-13
-24
-2
2
-2
-14
8
-14
11
-32
-30
8
5
10
15
0
3
40
-8
-21
12
-6
-10
-17
26
-21
47
-34
17
7
31
-38
-2
3
-4
17
-18
21
30
-29
-11
29
10
-7
-23
23
-10
-14
-10
-5
14
-3
-41
14
-6
-12
-32
-17
-61
30
22
-21
-11
2
-23
-2
13
38
25
-7
-50
-9
-23
18
-50
-3
23
-2
-8
16
5
1
3
20
5
23
-6
-14
16
25
50
-24
-19
55
-5
-15
-3
14
-45
-10
-4
15
-23
19
-23
-41
23
-29
2
20
20
-23
24
-47
-17
16
20
-22
6
9
36
-9
33
-15
-4
4
-1
-7
-11
10
-9
-32
-14
11
10
-39
16
-15
-23
21
14
25
6
-15
13
-14
27
-9
38
-27
16
-27
-28
-3
16
-11
-6
-24
-6
-39
-28
-5
-41
10
-23
25
23
7
28
-25
-9
1
-15
-22
2
13
41
-29
-6
-14
20
-36
-5
64
0
-48
-4
7
19
14
-39
32
16
19
-27
-12
-3
-25
-21
-25
33
20
0
1
-24
-28
-14
-15
17
-41
1
-12
-15
20
-8
19
54
33
13
18
6
38
-35
12
-2
26
14
-26
10
-3
12
9
-6
-20
48
13
-6
-19
-18
19
-2
-21
-3
60
2
1
-20
-25
29
2
16
8
19
14
3
61
11
20
21
-15
26
-11
-20
20
-31
0
-3
20
-35
9
-43
2
-12
-13
35
2
-8
36
-25
6
15
-20
-16
-2
15
0
-25
-9
-18
-24
15
8
11
0
-10
25
3
-1
22
55
19
-1
7
8
34
11
-8
15
29
25
-10
-15
0
6
4
15
-20
14
10
-13
6
-31
47
6
-4
-12
-28
-28
17
-17
-16
-25
21
18
-2
-30
22
-53
-19
26
-18
23
-6
-24
5
12
5
-34
2
-26
22
-45
-5
17
20
7
40
-12
-26
-41
-42
41
-13
0
-4
22
-12
5
4
-16
-2
8
6
37
30
0
4
41
35
11
-14
-8
-3
12
-28
14
-46
-17
9
19
0
-71
5
3
11
-31
-9
-24
38
2
18
1
-53
-66
-12
19
0
2
25
28
18
22
-15
-54
-46
-33
15
56
-42
42
10
4
43
-5
-27
-45
2
20
-30
4
-17
32
-11
36
22
-1
-3
-3
-46
18
3
32
8
-21
-2
-3
-30
31
-26
-2
-45
-1
44
7
20
-5
-41
-34
-7
38
17
10
32
-54
-23
1
-45
-15
8
-32
-26
23
20
22
-33
-13
9
18
16
20
9
31
-38
-16
23
2
-25
14
22
-7
3
-21
5
9
22
50
5
-16
1
-3
0
-1
1
21
-13
23
-4
6
16
-5
38
-12
-40
-22
-14
14
-8
-12
0
-5
11
-18
-19
15
42
-26
-35
-39
-23
-21
15
43
-28
-2
3
-5
-4
20
-17
-28
7
-5
8
-20
-41
12
-27
1
41
15
4
27
12
20
12
-21
-32
2
-35
-17
-37
6
-48
7
12
-12
46
-17
27
20
-13
23
40
9
7
7
-51
14
-14
-39
5
14
-26
39
12
-5
-16
15
3
14
20
7
19
11
-8
5
-15
-23
-12
24
36
-10
9
-37
-33
9
20
-26
-45
19
12
22
-3
-17
9
11
3
7
-15
27
8
-7
-47
11
32
-30
27
3
-13
-19
-41
-12
5
-3
17
0
1
-40
-4
-13
-4
4
-8
7
4
-19
20
-8
50
-17
16
-18
-44
7
-8
12
17
-37
-3
-13
5
10
22
-7
17
-15
-35
17
-58
23
-15
-38
29
-37
-12
21
12
0
0
22
21
-14
2
9
5
-11
4
-17
-1
-14
4
16
-24
-15
-15
47
-6
-36
-26
14
26
12
-9
28
-13
-17
-34
-5
-1
31
10
13
-29
-7
-41
5
52
3
-34
-4
-4
-9
15
-22
-36
-16
-9
-44
23
55
23
-29
22
-3
-34
-7
-23
26
10
19
24
21
3
-8
6
1
-44
22
-33
-13
8
45
32
20
-28
-15
3
-19
4
18
0
-21
2
24
-1
15
3
-25
-15
-1
16
15
21
-10
-34
43
-26
24
-8
-2
3
30
-17
-17
22
-15
2
44
-7
-16
6
-20
-4
-11
26
11
5
68
2
13
37
1
-16
-39
-33
-19
-5
23
-9
-6
-15
-21
21
37
-4
-15
14
22
2
24
0
17
22
3
-18
33
-37
-34
27
30
12
-45
-5
0
-10
-19
-6
-26
15
-7
-55
18
-4
34
20
-3
-8
9
-35
62
-41
-6
18
3
-4
-23
0
-43
-34
0
-5
18
11
4
-19
-4
-17
-3
2
-8
-10
12
-10
-6
7
12
-23
-1
1
-21
5
34
7
-6
11
-24
-5
1
-18
3
8
-24
-22
-25
22
8
58
-15
-3
-1
-17
47
10
11
-27
-20
-9
40
-2
-13
37
1
-20
-12
45
-27
-16
17
29
12
-36
4
-43
-1
-12
-23
-15
3
-7
40
-15
-1
-16
42
-7
-3
-10
3
12
2
19
24
2
-24
73
-22
30
-18
31
41
9
-21
15
16
-31
13
-40
-5
49
2
11
3
-14
11
32
21
7
18
-12
-29
26
-33
-20
-42
5
-18
13
16
1
-4
-17
4
7
40
3
-15
-33
-20
-21
-13
-12
28
-2
-19
32
-19
9
-43
-8
19
27
28
40
2
-18
13
-13
-15
-23
-23
-20
-8
11
14
36
32
2
24
-1
12
-3
-23
9
-41
-31
-19
-32
-4
-38
-19
-41
-39
-20
-6
8
38
-22
-10
-1
-4
21
7
30
9
7
28
-13
12
12
13
27
2
-28
19
34
12
11
47
0
20
-1
-18
25
-10
2
-34
19
5
15
6
-15
-12
-5
8
29
69
24
-44
14
-22
5
17
15
9
-10
15
11
28
3
18
39
26
-20
20
8
-49
11
11
-5
-13
-9
-25
-10
22
3
-3
6
-3
10
-30
2
36
-17
18
36
42
-4
-43
-42
-10
-36
-10
-8
-12
31
12
1
-23
6
35
-29
37
17
-24
2
4
-55
7
-39
-4
28
-27
2
-12
-42
13
17
5
-62
-28
-10
-33
-13
-49
-16
10
-19
2
6
37
-16
-26
-20
38
-26
23
5
22
-1
18
35
-15
27
-23
8
-21
-14
-9
23
9
16
14
23
5
-10
-28
-41
1
9
34
-12
-9
-4
22
13
9
-13
-19
10
34
-9
-44
-4
-19
4
-18
-4
20
26
22
22
8
10
23
21
-30
-18
-35
-8
0
-40
-39
-21
23
17
36
-2
-24
-38
34
5
12
10
16
-6
-29
-32
27
6
3
13
-14
20
13
0
-2
-2
-1
-21
-35
26
19
8
6
-40
-58
-11
-7
-14
-34
15
1
-46
-14
13
-12
9
-6
14
-43
-1
2
14
1
8
11
7
-12
34
-11
-1
3
31
8
3
-20
16
35
-3
11
-28
18
28
-8
8
7
6
-39
-24
2
-24
-2
8
15
16
-23
-11
-5
60
-22
-18
11
12
-22
-23
-25
-5
26
4
-17
-26
13
10
-3
-23
9
-3
2
-5
-19
35
19
-30
1
-31
-21
17
19
-3
-23
-51
-9
-23
26
-42
6
-6
-8
-13
23
-17
-12
40
-29
-10
5
-36
-17
-30
7
-31
29
-20
22
31
-4
-22
42
30
7
19
1
-1
-29
-22
-17
34
11
-7
-3
29
30
27
22
-47
2
2
29
17
36
-46
-21
54
-12
-2
7
4
-28
23
-23
23
9
1
-5
21
-3
7
-17
-11
13
-19
-7
2
5
-23
13
-10
3
0
5
-21
47
-6
14
28
-17
-60
-28
22
-20
7
-14
19
22
54
32
-14
0
20
6
-26
4
12
-22
-13
5
21
12
0
-30
-11
18
23
5
-26
-4
1
48
58
35
-28
-41
-15
-23
-21
39
28
-6
-8
-4
5
10
3
-2
30
-25
1
34
-36
-35
13
18
1
-20
38
24
23
19
32
-2
19
3
-21
13
2
-7
-24
-10
2
-20
4
-37
0
-12
29
-6
-6
-11
25
-14
-12
-3
-28
17
1
-5
16
-12
-21
30
-16
19
7
-24
-6
-41
-3
45
31
17
-18
-3
21
-8
-2
18
-10
-25
32
-4
38
-4
20
13
-39
64
24
-73
-6
39
15
-15
2
-25
-51
2
7
-26
18
-10
9
3
32
17
7
-18
-36
38
15
-28
24
-14
60
-20
35
-20
-22
-12
9
12
42
12
24
33
-12
29
40
14
-31
40
20
5
-27
-29
-37
17
-14
-3
-24
-9
-32
9
-50
-16
23
-34
-9
9
17
-51
-44
-18
-39
16
-25
38
30
-40
72
-3
6
-28
34
3
-23
-46
24
5
10
-9
-25
53
-40
-7
-3
-3
-38
-17
11
23
28
3
-45
12
4
13
21
-36
-30
-12
-5
29
48
5
-10
1
-21
53
49
-16
-7
5
-30
20
-1
-13
10
-21
-19
-12
-29
14
10
18
-23
-11
6
37
27
30
-37
-4
-45
-18
8
-16
-32
-37
6
-5
-2
-12
25
34
7
4
-16
21
-13
11
12
23
-11
9
4
-7
22
3
-49
0
14
-8
-30
-12
32
-9
7
-41
1
30
-3
42
15
-33
-13
49
-18
-32
-27
38
27
4
25
3
-22
-16
-28
-17
3
-35
8
-5
-27
32
-51
-5
7
47
-15
-2
-11
11
-18
21
4
37
-3
-12
12
13
-19
-4
-9
0
2
-49
-32
41
0
-3
-22
-12
6
1
32
-61
-13
-33
-6
6
15
24
13
2
1
-16
-19
1
22
14
-11
-15
-27
9
5
24
23
-14
33
-37
9
-37
-37
-9
34
-1
3
-15
20
8
-26
-35
13
7
18
-33
-13
40
21
15
13
34
-7
18
-25
-6
27
-28
55
35
22
60
-6
21
-1
0
24
-29
21
-42
-13
-25
8
33
44
-18
-36
33
37
-6
-7
-35
3
12
21
31
8
-8
13
-8
-3
23
-37
53
-15
16
-34
41
-5
18
-50
12
4
-37
-14
11
-46
-32
0
37
-14
24
-10
-32
-36
12
-55
-12
-52
-16
-20
4
-8
7
-6
55
-35
18
-3
36
-16
-12
6
5
19
40
-13
39
20
-10
23
6
9
-27
-11
19
-2
-7
-7
-50
14
1
-6
-34
42
-26
12
-12
-6
-23
-22
-16
22
22
-37
-52
28
11
3
-44
6
-44
33
-10
2
-42
40
-1
-16
4
10
3
2
-9
42
2
-34
9
-11
-11
16
-20
12
-27
43
-11
-17
6
-20
-6
-9
-9
4
-26
-33
-61
29
-15
-4
47
37
-21
41
-5
37
28
-8
5
18
1
-17
6
-13
8
21
0
-11
26
-6
23
-31
-10
16
-19
32
-8
10
-3
-5
11
-4
8
5
17
-17
-13
2
-17
-32
27
25
-6
11
-29
13
2
-34
-18
-28
18
-2
-7
-6
-19
-11
-29
-39
-7
24
33
18
-9
12
42
28
-9
-4
-12
-2
9
-3
33
15
1
-9
21
3
7
48
-43
-24
-28
9
-10
-20
-38
37
15
26
8
34
10
15
-25
51
7
64
-18
3
12
-31
-11
-6
-33
9
11
-19
38
10
-35
-4
18
29
-46
85
-18
-7
-21
3
-32
9
-20
47
21
21
29
3
-15
-29
13
-3
-7
7
2
-5
38
3
-4
12
-31
22
-3
12
-38
37
-18
-9
-29
9
32
4
1
-7
-5
36
15
20
1
-10
-15
-11
-15
-21
-27
19
-32
-20
0
-14
3
42
-16
-28
12
-58
-45
7
-1
13
30
34
19
-62
27
-34
-6
-3
-23
42
-13
41
18
0
20
22
16
-46
-70
12
-40
26
-8
-29
-3
8
13
54
4
-49
-40
-25
4
49
-18
36
-11
-14
0
12
-34
-3
16
-5
21
18
20
-28
-14
-3
22
-10
-19
34
-4
8
10
19
-18
-14
-8
-9
11
-16
27
32
-14
12
30
28
15
-10
18
26
7
-29
-28
9
-10
-5
1
-12
4
38
12
-19
15
-22
5
-63
-15
-1
-35
-15
4
-15
-9
-17
6
-21
-24
-16
14
-13
-26
-27
-10
-29
6
-35
-30
-27
5
28
9
-12
-23
2
-10
-19
20
-27
28
-44
-2
18
23
57
-38
-15
74
3
-3
-29
0
-15
10
23
-20
-23
-22
-14
-11
17
-11
16
-5
18
-19
-9
-19
-14
40
-2
9
-28
-10
4
37
20
35
8
-34
-12
47
-12
4
23
0
-29
12
18
-12
12
9
-25
4
-9
-42
-8
26
28
-47
-17
17
-6
3
-32
3
-38
39
2
-13
9
1
-5
14
-5
-7
-11
-7
20
-32
-10
-18
2
-7
-9
34
10
-7
-25
-2
4
13
-11
-2
-11
-47
20
-2
13
-19
-4
3
5
28
4
5
16
-46
36
-25
-1
7
4
42
6
28
-35
-3
25
20
-9
-14
80
6
10
1
-30
23
-30
-28
-28
-23
-1
27
-44
-8
-32
25
3
-28
4
12
16
-20
11
17
16
3
5
-8
-25
9
-21
-32
27
41
-28
-26
11
26
-8
-3
4
-14
13
25
7
1
20
59
7
45
14
-11
-15
16
20
-26
4
-17
-34
30
18
12
20
26
21
-2
40
-68
-24
15
35
27
-37
41
13
-3
-3
-6
-1
2
-22
-1
-11
56
20
26
-12
8
-34
-19
-5
-35
-16
-18
-47
-9
29
39
8
54
-49
20
-1
-41
-5
27
14
0
-20
-9
-7
46
35
-11
11
-10
0
12
8
-14
58
-17
-32
29
24
27
39
4
22
-2
17
16
16
34
-27
46
-17
-26
-29
-8
2
-1
-19
-2
52
-7
-5
-41
6
15
14
23
18
-33
18
16
8
-21
14
-48
19
12
26
-18
41
-8
6
17
-37
-8
5
38
-7
16
-33
37
28
-12
-7
21
23
-9
-23
14
47
25
-49
34
-11
-22
1
-36
0
42
23
23
24
26
-4
31
-58
67
16
26
-3
5
-25
8
8
2
12
7
-1
4
-15
-4
5
19
31
24
-14
1
-6
-33
-2
30
37
38
-24
-50
9
29
22
15
-30
12
-20
-47
-2
-27
-3
3
3
-12
-8
-15
-36
-18
-1
25
-12
1
9
11
6
-8
7
-18
24
-31
9
57
-4
18
-8
19
1
-17
2
-33
-16
-12
12
77
-21
-33
1
5
-35
48
-12
2
23
5
-21
-17
-5
-28
-9
-27
-28
-5
-2
-22
29
29
-14
-50
25
34
24
8
-41
-32
-25
30
-44
7
-11
-4
10
-2
11
-13
-6
5
-6
8
6
-13
20
5
46
-41
-19
0
7
20
-7
44
-9
-14
6
-16
-7
-45
-20
-14
44
-19
3
-2
-1
35
-8
3
48
42
-21
-15
7
-10
45
12
27
13
-26
-12
5
48
-7
-7
0
3
-13
16
-2
14
-24
6
22
29
-19
-22
-32
4
-1
-8
5
-20
19
18
-37
18
7
-15
39
-32
-15
57
60
-16
-9
32
-8
2
4
39
-21
-34
0
-13
-15
12
-5
-4
-43
37
0
-37
3
22
1
-2
-4
11
-9
-11
1
-8
30
-1
10
-3
54
31
37
-15
-34
-4
14
5
8
26
-3
21
-18
39
6
-10
-58
38
-16
6
-21
53
-34
-35
13
-27
-6
13
-24
7
2
41
0
10
4
15
31
-30
6
32
-56
-6
12
-40
27
26
28
9
-17
-33
21
-9
3
-18
-10
-1
1
22
5
27
38
6
-45
-19
-3
-2
15
-1
41
-21
13
36
-22
-17
-2
0
-13
-17
11
-65
-38
-17
17
-5
-12
11
-15
-9
52
-19
-31
21
-13
17
-3
19
-21
-16
12
6
15
15
13
47
24
46
-19
-7
-17
-11
-39
17
38
10
-11
-54
-26
7
20
-4
17
10
35
6
-4
-24
26
-26
1
1
19
-24
-18
25
1
-6
38
14
35
-33
-22
-23
0
-32
-11
-44
19
23
11
5
12
22
-1
13
4
-11
