4
-12
18
-23
2
8
35
-61
2
27
13
-77
58
12
-20
-21
-11
8
6
-41
73
-6
23
59
86
-42
74
9
-37
1
10
29
-15
-28
135
40
-8
-138
86
88
-38
-82
3
-66
-32
3
-54
-12
-23
60
-41
38
-94
1
16
58
2
-53
-29
23
-19
-20
-55
-3
15
46
-15
72
49
-32
-45
-50
-7
30
2
-41
-7
88
24
13
-125
-84
-17
-25
27
-16
-27
-99
-5
34
-24
-94
-49
36
-72
32
-116
13
28
-8
-23
-52
-35
-53
-31
48
-40
-111
-64
56
-73
-65
-49
-67
-7
14
-104
11
-28
26
81
14
24
-68
-86
-64
7
-14
-6
-42
113
28
-47
27
-60
-119
-19
90
14
86
-30
-14
18
27
-28
-78
26
54
-85
-26
-66
45
50
-2
26
30
-21
33
73
1
77
87
13
3
-54
-14
-53
-71
-13
-2
-6
30
-63
10
37
62
-65
23
-117
-18
21
-11
33
89
-24
7
22
-15
-5
1
15
32
19
-59
-21
-19
4
28
-16
13
-8
21
-18
-68
-33
84
79
-36
-56
26
77
-9
49
55
-13
-126
5
-102
74
7
-91
-26
33
22
46
-55
4
14
-32
-105
-41
-78
-119
57
33
-18
-15
-37
-76
-14
7
11
18
-93
44
17
-45
-34
30
-47
13
-35
99
-13
-58
15
-30
62
-30
-92
46
-16
49
-112
30
-38
71
19
5
41
-108
-99
-81
-74
-62
-18
-56
65
-40
6
21
10
61
-13
30
-73
81
1
-68
-21
-44
-1
-54
-58
11
-6
11
37
21
-37
-38
-38
-40
10
55
11
45
-38
-96
85
-26
14
19
-66
-42
61
41
8
69
34
-68
2
54
73
-32
-68
-37
-57
-120
25
22
-30
11
-46
36
24
-23
-4
11
-59
32
17
-28
17
85
-15
-53
-66
-63
-66
116
34
-79
-38
116
50
-23
-3
50
-90
-26
63
9
-1
-57
-50
-75
-52
115
-25
37
64
-11
-2
5
40
-42
-46
-13
107
-23
-10
61
30
-74
-73
-11
-20
-62
3
35
-28
2
-13
56
-29
29
-17
0
4
83
5
73
13
61
36
50
89
-9
56
-20
17
-21
71
61
77
4
82
-80
-35
6
14
-39
3
-76
14
5
64
43
82
25
-11
-11
-58
27
-67
94
13
6
-67
-24
-27
-45
-2
46
-70
79
58
15
-28
-83
-23
57
13
-62
22
4
-13
16
-33
24
-9
12
-1
-12
3
-32
-67
26
-14
4
9
104
-1
95
-6
10
27
-18
-16
94
-104
-4
59
12
17
-30
92
-11
-40
-50
-42
-47
-51
-39
52
1
-110
-36
-49
7
-20
10
82
59
8
39
-33
12
-56
25
106
4
53
-54
28
3
-13
-3
0
-10
162
16
45
-9
-12
-23
-31
1
4
-27
-58
-69
-31
36
-3
21
-12
75
5
101
-40
-30
-46
67
-37
-13
72
-72
33
-62
83
28
23
50
16
-26
81
48
-77
6
0
-90
-53
20
14
21
33
40
-28
66
-81
-9
-25
1
19
-43
-3
-31
-25
-60
34
8
23
-33
4
-21
97
63
19
-28
-30
-46
116
-8
-29
-41
49
-81
-34
25
10
41
18
26
-77
-38
70
31
-67
-27
37
-2
-39
52
-43
-1
17
-45
8
-45
20
-1
-12
-87
0
-28
-14
-40
-9
-16
-9
-22
69
-51
4
-13
45
28
-41
-33
-13
-87
-32
56
26
10
-8
-52
16
41
-38
54
44
-32
76
41
-24
106
-6
24
42
-19
20
54
-2
3
-2
27
-79
69
-79
46
9
-28
45
15
-82
156
-18
-43
102
34
-77
-9
-70
-40
-6
-35
69
-69
-58
0
-46
28
16
151
6
46
-16
58
-37
-107
9
7
39
13
15
-83
-38
15
14
5
-64
-21
-15
35
-3
-16
47
52
-26
-99
35
56
9
-56
6
-40
-10
22
25
-34
-30
38
-59
-54
76
-39
-54
18
35
-47
51
-35
53
-138
-16
47
6
-10
9
60
-7
-46
46
-38
13
-38
17
7
-17
140
4
129
65
-74
84
-26
-61
-10
-4
13
106
-8
-18
30
-32
3
15
73
65
39
54
18
-3
-5
-70
-7
107
52
-42
37
88
30
-10
-31
-8
1
33
70
39
-74
75
68
-90
24
7
-16
34
55
-24
21
53
-37
87
8
32
93
-51
-121
-24
18
-68
28
-54
-53
4
26
31
88
-16
-115
48
81
-36
69
21
25
-15
19
12
36
23
-109
-5
48
-73
14
-45
-13
49
48
8
-41
99
29
69
-88
-4
-2
-2
9
36
7
-13
21
37
-25
47
50
-43
20
26
29
-54
6
-47
-3
-3
-24
98
-31
36
-19
18
-53
-21
-53
8
38
-69
9
75
52
6
69
-1
53
-15
-19
-26
1
34
-40
-38
11
-5
28
55
117
26
-89
-52
41
22
13
10
45
39
53
-59
10
24
8
-33
43
-104
-94
-12
18
-33
-10
28
25
-19
38
-29
50
54
-31
26
6
0
-75
-35
11
-32
-71
20
-37
-56
-94
-16
-28
102
-70
-11
55
-13
65
-3
-8
-47
43
81
67
74
0
-15
-113
115
-21
-81
26
118
-34
-29
-44
-16
40
42
-85
-3
-59
6
138
1
-31
63
39
43
-58
65
-1
25
-3
-53
-16
14
37
-47
-77
22
24
-54
66
23
-24
6
19
-50
99
115
-47
10
62
-84
4
79
0
39
-14
-23
-12
-11
-39
-98
-69
-97
33
-63
-6
-19
-51
-44
2
-35
-26
90
-18
36
43
110
13
-19
34
36
-57
58
45
39
25
1
5
-19
30
-20
22
-12
-41
10
-79
65
-30
61
29
-30
42
-14
-22
-9
-92
4
-20
32
-13
52
45
30
-82
-4
10
-24
-7
-6
9
77
73
-36
104
28
9
-8
75
-6
-9
21
65
-3
-50
-25
42
-112
-119
34
-37
53
-12
58
8
-50
89
-69
-21
-23
65
54
-23
27
-7
-60
-78
14
-26
1
-57
-56
53
-6
-63
82
9
111
29
-5
-43
1
88
-24
-65
-66
41
71
-69
-14
21
18
95
-22
-55
-45
-78
-15
30
16
23
33
-35
25
-70
56
55
14
-55
35
18
-82
-109
-18
86
54
-28
-46
-21
-9
-17
-4
20
-10
43
34
-59
55
3
20
23
-16
-50
-15
-38
32
-17
-12
-20
35
8
4
77
-57
-9
-66
3
-38
21
14
-107
-35
-27
-26
-37
37
63
-30
-26
23
12
-95
70
11
28
-22
-59
43
50
0
-13
-31
17
16
51
7
-21
17
-40
72
-67
43
-122
-107
-31
28
-19
-33
-79
31
7
-28
39
3
54
-42
13
-8
21
36
147
88
59
24
-95
20
11
20
26
11
-38
85
-75
-27
-46
73
6
-1
-15
-75
93
35
81
46
-80
-57
-14
22
25
35
29
53
-89
-73
11
46
-75
-51
-26
60
-8
129
-90
-17
45
-32
-7
8
-57
14
44
67
34
-57
-31
58
85
32
57
31
-52
-43
112
14
-38
-37
6
68
-51
2
-22
-54
-5
57
-13
103
-60
-6
-61
13
-47
-80
65
7
42
41
-94
29
-15
12
-4
-1
6
-1
-44
-51
23
-4
-23
-39
53
39
39
8
40
-80
-13
-8
10
10
-120
-59
78
22
75
12
8
33
5
9
-14
21
3
-21
2
13
23
46
15
-32
-19
48
51
27
51
-16
49
27
-29
-23
46
-1
-16
11
-23
-48
42
22
29
68
-2
-30
3
-17
1
-28
118
-83
-139
-99
-9
8
2
-21
71
-29
-47
81
27
-30
53
94
-4
-69
90
49
22
69
10
18
32
-50
60
-3
4
-52
-34
5
-80
1
-8
55
17
-45
-31
15
33
14
72
31
-18
-12
50
-25
52
-87
-43
-51
26
30
2
7
10
-4
-33
46
47
-80
-52
20
35
-54
28
34
22
7
3
23
30
23
-1
-20
-9
-26
79
-12
51
53
18
31
25
36
-97
13
-41
31
30
8
-18
67
135
15
-33
21
41
-34
17
53
14
37
19
-10
-6
2
-109
-4
-20
-9
-73
-27
-79
-53
58
38
50
39
-33
-43
29
-2
-22
27
-21
-17
-40
51
31
32
61
90
-6
-6
-37
-15
15
-27
-52
-9
72
-109
3
9
-60
-24
23
28
22
29
-27
33
83
1
94
-40
22
-77
32
3
76
-19
62
-88
22
-61
49
-34
8
7
12
23
43
-35
-6
71
64
-76
-55
80
46
-18
127
3
-81
45
-36
-8
5
-52
-50
-20
39
-24
32
72
-16
19
-15
0
-4
-1
1
20
19
37
24
95
-53
43
-11
-48
39
-77
76
-59
-62
-35
50
-32
13
11
-97
-14
-35
-78
50
-17
-20
-53
-61
85
-37
33
-8
5
-29
28
-53
96
29
26
11
5
14
-31
89
5
-20
10
-35
-25
-66
-5
-15
-68
63
-46
68
39
35
1
-59
-22
-8
52
32
-1
81
76
6
40
130
43
-53
42
-2
-67
-50
6
-30
-21
38
-13
45
-28
22
-95
-51
20
-95
36
47
-37
25
-22
-57
-35
5
64
-25
91
-113
123
-3
-49
-44
54
38
34
54
-16
-26
-6
-68
-6
26
-7
-2
101
-7
-44
-31
-7
27
14
-22
41
15
0
-23
-47
-11
-3
10
49
29
-6
-74
42
12
-30
-4
-4
11
33
-113
15
53
-106
110
38
39
41
84
-95
-1
-32
63
-21
-6
-62
28
24
9
0
-82
-4
-4
-1
93
-76
-99
-75
63
-31
37
-61
-38
-1
-47
-75
4
20
95
5
73
-28
22
43
-26
23
74
39
-14
17
-31
-71
-60
-50
13
19
-31
77
-82
-16
18
83
-36
15
58
34
14
-35
-26
-14
-43
64
-1
1
-2
-2
-25
-74
-52
-39
19
65
-9
-7
59
-43
85
-3
-41
25
-42
-11
-36
-54
42
-89
-18
103
14
-4
10
-31
56
-13
-26
-78
-81
17
-23
-13
-23
24
-36
36
-49
37
65
54
20
10
-70
-49
-54
11
4
42
62
26
14
-67
-70
6
12
28
-46
-13
-37
3
24
9
53
79
-68
-17
-51
53
-40
-60
12
-15
40
20
-38
18
120
-47
55
-18
-76
-10
32
-37
48
60
-47
79
-35
97
15
44
45
-8
-98
-24
67
-105
25
67
-12
-25
70
30
19
-19
-3
108
57
90
-23
-30
-38
-45
-50
8
-64
111
54
-31
-58
118
7
10
-47
-37
36
-113
-70
9
-7
6
-84
-71
-90
-63
-31
-5
94
-60
21
-40
28
-31
-99
-78
-50
-9
68
30
-28
-28
-16
-22
-52
-88
71
25
-39
41
7
11
22
-64
-2
-46
47
8
14
71
-57
7
34
51
-37
1
-20
-69
-41
26
2
-40
-13
-1
31
15
12
-48
45
-4
9
32
-1
-6
57
17
-52
26
-27
14
40
19
9
-24
-1
81
-27
20
8
1
50
-50
-71
57
14
23
-34
-18
-17
24
-75
-55
-76
20
0
26
-5
-24
-7
-14
-1
53
-17
37
41
43
90
29
19
9
-25
-69
9
65
-87
-13
-20
72
59
-32
-47
-32
-4
-78
27
-47
5
76
105
43
13
-4
-9
-34
-14
-30
-79
-50
17
51
-52
46
-57
98
-57
37
24
12
-84
76
-14
-18
-31
-60
49
-51
-29
62
-15
49
-11
2
-6
18
-73
20
38
-8
-3
89
34
-15
-58
31
-10
-1
-12
23
-99
-49
35
51
24
-38
-30
76
68
-37
-56
55
44
-41
-60
71
-78
-35
-9
21
-43
79
63
0
40
-20
69
119
36
-48
27
-38
-26
27
45
-53
-115
41
21
3
25
-59
-51
-63
30
38
49
-22
44
33
-17
33
-31
-17
-27
61
11
-35
18
86
49
59
-67
55
-6
-42
-21
14
-20
-11
105
-62
5
6
29
-79
62
48
49
-80
28
105
-85
20
12
-33
-5
54
12
16
20
9
6
3
26
51
-28
-35
10
9
-106
55
73
53
-23
-3
-44
106
17
30
-50
-49
-35
-72
0
-57
0
-16
62
26
-58
-2
11
-18
40
60
-70
47
32
3
80
27
-14
-15
-17
48
50
-66
-42
-21
-18
0
-12
2
-90
18
5
-23
39
50
23
17
38
66
26
59
-3
-117
11
-57
1
-29
20
-8
88
-87
33
-7
5
30
-78
20
-3
39
-11
-42
-17
-49
-25
17
-9
39
-20
-10
-17
-21
-66
-93
-5
19
70
-1
-31
-62
-59
-43
-55
-69
-55
17
-41
-38
122
37
-75
-17
8
-49
5
-9
18
38
37
-41
-4
34
22
1
-36
-47
-17
25
46
-67
1
-16
-56
-52
-47
28
27
-81
91
-94
36
-73
8
25
-2
34
42
16
-15
-32
17
18
-45
-60
-81
-73
-71
92
44
139
10
6
25
-36
-44
-68
-22
-4
69
9
6
-17
-102
-85
77
26
-31
66
46
-15
-20
-6
30
60
63
64
-35
-84
-27
48
-14
-16
25
-64
18
-101
37
-76
-35
-18
19
-59
75
110
-93
35
-8
-24
-57
-97
15
6
-65
36
-34
15
98
-27
-12
14
-38
3
-26
57
-44
4
-67
-98
26
58
7
12
-19
-23
-27
7
-20
56
27
-1
-26
-31
-19
-11
6
-30
-29
6
55
-95
37
-5
35
-6
-3
3
-4
4
-43
25
-9
-4
-50
4
7
5
9
12
-41
-2
24
-2
17
47
-106
23
-38
-22
-76
28
-96
10
-16
59
-7
77
-4
-45
-24
-12
-15
-25
-73
-6
10
-64
-76
2
22
1
4
-91
62
-35
29
-5
-30
41
-43
-25
47
-44
-41
20
97
64
-21
-109
-41
73
-24
-9
19
30
117
53
28
86
-37
-10
-9
-43
-9
24
49
68
49
-6
-41
-38
45
-47
44
-14
-21
-100
23
-5
-7
-46
23
-95
-35
65
73
-27
15
-4
28
47
-19
13
27
-62
21
54
-27
158
21
-4
-90
70
-12
-21
-21
45
-24
11
122
-23
-43
-100
13
121
-26
71
21
-17
15
14
77
-15
-41
104
70
-35
-74
44
10
-89
-52
-22
-12
-52
51
29
7
23
22
-17
-2
23
-29
20
-32
31
-19
48
90
-1
36
-87
-71
-19
-35
-82
46
-77
11
-84
55
-78
-37
-34
31
-25
-68
0
57
-60
0
-9
-118
-2
38
23
7
7
-56
-42
67
12
-6
-29
-57
-42
3
-110
-13
55
8
51
53
98
-49
40
-54
-24
36
-29
-57
-1
-13
21
25
24
33
-23
-6
22
-42
-33
57
-74
-40
14
22
47
0
36
-17
81
-25
-15
5
70
43
-9
-1
56
-30
31
77
11
-85
-24
-70
12
-31
-63
54
10
21
-22
-30
-25
18
25
19
36
-2
62
-45
-32
-1
-18
-5
-9
38
-42
65
-39
-115
9
-32
85
-46
-26
-4
1
25
6
39
-102
18
-21
7
64
45
13
-59
35
-65
44
3
-51
-26
29
65
24
-20
-12
-4
-16
-20
-30
19
17
110
39
-21
-40
-10
-41
-36
77
25
-3
39
32
-70
-54
18
24
-29
-129
63
-8
24
21
55
-34
31
-7
21
57
65
-97
-57
-36
-133
32
-46
80
-23
-41
-5
-8
52
-54
-22
-58
-92
-33
61
-76
96
42
45
75
-15
17
-19
-14
60
30
22
-13
-30
-102
9
21
-70
44
19
-32
10
-106
43
-51
-4
-12
8
-59
-133
8
-56
-65
8
-34
-57
-84
-2
1
-42
88
39
-6
-23
33
-92
17
-32
39
75
-65
17
79
-39
-26
100
54
66
11
-20
-85
-56
-21
33
-13
-83
91
-29
-134
63
-59
44
-49
24
-25
71
28
71
-55
17
34
9
18
40
-60
-98
-18
71
-69
71
35
34
-59
32
-51
47
118
-9
50
-73
13
5
107
-4
33
-40
-35
61
-24
14
49
-73
23
-38
-30
-41
22
44
67
4
-53
5
-57
-111
56
20
-70
34
-94
2
-44
-86
48
-39
-14
31
-22
56
-57
-51
70
-9
0
-52
34
-32
-31
-39
-13
-34
88
32
-21
-38
-95
-89
-20
-87
-91
-16
60
10
-69
-34
-7
-39
13
87
21
-61
-69
-7
45
44
15
-16
28
21
-10
-62
-52
-27
13
34
-34
-8
11
-14
-40
37
-57
-48
-119
-8
73
-24
4
1
-73
-10
-14
32
-48
-35
-44
-58
13
-14
63
73
-73
10
-25
19
36
42
64
52
31
5
87
6
-35
-24
-7
84
24
-12
-52
-43
-62
-11
9
28
-20
51
21
-36
-17
-41
-20
12
37
-26
-35
18
87
36
-51
30
71
38
8
-80
19
-22
-34
-22
91
-12
-2
-74
-25
-52
6
73
-107
-45
41
6
45
-11
50
32
-30
-18
86
43
-31
-1
99
-18
-39
-18
-20
72
42
3
-71
-82
-6
-13
-29
15
6
-4
-17
71
-52
-71
100
106
-78
14
4
-12
24
51
-112
-27
-16
21
41
-80
21
100
8
28
2
52
89
-24
-1
1
97
23
-30
-20
17
-2
-132
-51
24
-6
-30
-58
27
17
-19
14
39
-47
76
-38
-47
12
-8
52
-46
-66
-10
20
39
25
26
-10
-11
22
141
54
23
-40
37
31
-56
67
105
-11
62
-90
-2
-116
-84
-40
-24
-3
-87
21
-39
-20
5
122
-46
-52
-132
-34
86
-16
61
3
-43
36
-7
-12
-16
-24
77
-2
91
-71
-34
64
-104
45
-1
-20
-9
41
33
-47
96
-104
-51
18
-7
-62
-18
-70
32
-36
-29
116
-57
-100
2
16
-21
-73
27
-36
-87
10
-47
26
-14
64
6
-3
25
-41
-31
37
-55
-63
12
9
-22
16
-43
55
-56
-12
24
-43
12
4
26
-10
-18
-38
55
22
2
49
10
-35
12
-9
-66
-23
-2
-50
-49
-10
16
-51
-19
-40
-39
12
-40
-19
-65
-15
60
-3
-14
29
19
19
45
-15
6
-27
-66
-48
-58
-2
47
-2
-10
50
-27
90
-36
-81
117
-27
21
-9
37
-40
-80
-13
-76
-38
38
31
67
-20
36
-24
-9
61
-18
-54
-38
-41
48
-80
-78
-88
-29
51
-120
-136
72
-41
-14
-53
-28
-47
39
10
-2
-3
-19
25
-7
20
34
0
26
-27
31
-7
10
-3
3
88
93
50
-51
-5
-61
-18
-27
10
4
21
-26
84
-20
61
-59
6
12
-21
-36
68
-58
36
-129
-3
-46
10
68
-8
-13
16
-22
-71
-2
-95
-8
-17
-82
9
31
-12
-15
88
-29
24
15
57
-42
-6
-29
68
-46
25
-17
67
-89
28
118
62
12
-24
22
5
-25
-33
24
54
-120
8
-57
-2
27
22
18
-20
83
-71
33
-4
7
-63
80
5
-19
-84
-41
59
-81
-79
-26
45
28
-24
64
-71
-71
3
0
-10
-23
-30
4
-16
-12
-2
-21
-95
-25
4
-38
-31
35
7
32
-11
-10
-18
-14
-11
-17
52
-44
-52
-72
10
-8
20
17
-75
-52
-47
7
-69
57
-9
61
-42
54
44
11
-83
4
2
28
-42
46
52
50
3
1
6
31
-31
80
-34
57
48
28
-56
110
-24
-18
-19
61
1
-38
-50
-35
0
-93
-37
-14
-28
4
-96
-25
-33
30
7
-18
57
-16
1
-10
-5
-95
73
-63
-7
-10
14
-66
-35
-70
-66
36
5
-59
-43
31
-19
-54
-27
-80
91
-31
-18
46
27
29
52
30
-22
13
49
-22
61
14
17
-13
-26
40
-38
-21
-8
56
56
-107
40
-10
2
-36
39
-7
-3
-70
-44
14
-32
17
47
-35
-37
59
29
-10
-68
17
0
83
20
-40
-48
-34
-31
45
29
34
36
-48
-32
50
-54
-6
35
23
40
-81
44
-79
0
-29
83
42
-6
49
-43
26
39
-17
25
14
-53
-11
177
-49
-87
1
43
24
29
51
-60
92
-126
-46
44
29
-16
49
-57
0
-3
-3
-39
20
-39
-10
40
30
-42
8
30
-6
3
4
-31
6
67
-19
20
-58
-11
73
-40
-8
26
9
-8
53
-22
-50
19
-58
37
-19
-26
37
12
-44
-8
-114
-64
-13
-68
-81
59
19
-26
42
46
-4
16
0
6
-41
34
-23
85
-7
54
100
-22
-3
-3
-58
-5
52
1
-17
97
0
68
13
40
2
-66
39
-72
52
-58
-12
46
1
-24
6
-13
-110
-12
11
51
23
16
9
46
-2
-65
-17
73
-26
34
30
-32
18
-96
74
-52
81
6
-1
3
-26
-37
28
-11
-54
14
6
27
-25
-5
7
-40
-53
-33
137
85
-32
6
88
12
100
-48
24
19
72
18
8
28
81
-36
-5
24
21
83
72
92
11
26
33
24
-36
-5
-76
27
5
-45
39
-39
-53
-27
7
11
41
-46
-6
-33
-10
-77
18
40
11
22
60
-123
-14
-152
94
-84
-34
71
57
3
31
-98
-46
34
-14
50
0
-39
-3
116
32
-24
21
52
-64
-68
-3
-42
-9
-30
50
16
65
45
74
-4
55
90
125
-16
-96
-20
-58
10
34
-44
-39
-29
-60
-2
10
-31
11
55
50
-47
-34
-28
-117
29
-25
-34
51
-45
77
41
61
-49
-45
47
-18
-6
56
14
122
-43
-40
-82
-6
98
-5
17
-58
-18
37
-9
81
-60
-9
-109
-59
5
-1
6
-8
23
-8
-9
-3
21
-37
77
-14
2
-25
5
28
-86
-54
66
49
-71
-9
-47
-2
-43
-73
-37
81
-37
-26
64
41
-14
22
-17
30
-19
-57
-76
0
-37
-36
-10
5
33
-18
-33
-47
-36
61
19
66
2
15
-59
23
-30
-62
-46
41
53
31
-11
-2
53
96
-64
-75
10
61
53
12
56
32
42
-74
45
62
-31
7
-29
14
84
-74
-14
-39
35
-30
1
-25
31
8
19
-22
-10
36
-46
65
-59
-53
74
-27
4
79
-67
-13
-21
-23
-20
-23
89
-71
19
60
-79
49
-41
-54
-84
53
-15
8
-9
-8
-48
-62
-38
-3
-101
25
-31
66
-3
-33
-35
-60
-70
20
-48
-65
-21
-1
-24
104
-31
-72
-48
40
-60
-55
-34
-120
39
64
-11
-56
-29
78
71
51
35
20
29
10
22
-12
152
-101
-19
-38
22
34
-68
-27
-69
54
-13
-32
-26
-14
62
28
-3
85
-55
-116
-30
-46
-36
24
22
-55
-88
-44
4
38
-12
-39
-8
-51
-38
144
-14
15
-78
20
-38
-97
30
-110
2
22
29
31
-19
30
-73
-27
-82
-11
15
-181
28
-68
-7
-50
106
14
17
28
-52
-17
-29
-7
45
-40
-58
64
-49
98
27
-4
-11
-19
-74
6
35
-39
27
-30
11
49
110
82
-36
-10
53
-7
-101
40
-26
-27
-91
-24
21
-20
-54
2
-65
5
-3
-50
55
-39
9
-77
12
-51
-57
21
0
-23
-2
14
44
-46
-8
-97
5
16
-38
31
76
10
-46
-88
-31
-59
-39
-34
58
16
-20
80
18
25
-14
-55
-21
-34
-51
-2
-66
29
43
81
-7
-30
-41
9
-28
-13
6
48
72
4
55
81
19
-5
-98
109
129
-61
0
-28
5
37
-45
-15
63
29
-13
8
-41
34
22
4
-4
46
61
-38
-15
6
16
82
-30
31
28
4
-11
-45
0
-4
-1
59
13
-47
-81
23
35
35
-52
-38
-9
16
-19
139
19
26
-18
-46
-29
-15
-18
58
20
-41
-1
-24
14
30
-17
-64
-44
31
49
-8
50
9
22
-23
56
-76
9
63
-15
-7
47
50
-5
13
-80
-4
101
17
-88
110
-38
-36
-14
45
-34
-7
-23
-28
-10
17
75
-29
-71
38
-7
16
90
10
10
25
-49
-38
-110
70
-92
43
66
7
-38
-9
9
104
8
-25
-3
54
-25
87
-8
34
68
-40
32
-30
-15
107
-2
63
120
-9
-41
22
94
-43
35
108
-69
34
4
58
1
-1
24
51
35
-37
-64
74
0
-71
37
-13
0
-18
40
65
46
39
-3
34
-81
16
-74
24
54
-31
-91
-3
27
70
-87
-14
60
-86
-3
-99
-41
-52
103
-78
5
9
-25
-49
-10
-4
-12
-151
-14
6
34
59
150
-45
-118
35
26
38
-31
22
-69
-32
43
22
-27
64
-54
-23
-61
-7
-55
-24
-24
25
-32
-58
-80
-51
-54
-28
43
-20
-30
-47
-70
5
69
-6
14
-58
79
36
17
24
-77
27
-163
-15
87
5
-3
-63
-15
-20
-50
-109
27
58
51
-60
87
-63
-113
14
46
40
-43
-1
32
0
65
-18
33
73
-50
-37
41
-20
-82
99
-38
-4
-52
-50
21
-20
42
18
23
-14
15
76
91
-90
40
-13
-42
-41
10
27
29
-25
-6
-29
1
38
77
-76
-10
-99
-58
12
29
-61
-25
-66
30
41
60
-61
82
-91
-12
-30
90
4
112
15
-25
36
125
30
-19
28
-38
52
-26
-4
0
-77
-41
-56
-25
1
-5
-17
-7
-68
54
-25
-80
-32
-22
22
29
-75
-68
60
45
60
39
65
-58
122
59
-45
43
8
3
16
12
-66
-37
58
7
-61
32
44
39
12
52
94
-54
9
-90
-75
-62
-6
36
-26
-4
-37
9
-25
-36
-44
-13
93
5
-57
50
73
26
78
-24
55
64
-43
27
15
121
-63
119
21
14
-76
35
-33
-19
35
-42
-54
21
-21
75
10
64
3
70
0
-62
47
-41
-5
39
1
-43
11
-39
-23
49
-80
-40
23
-110
-21
23
56
-64
58
78
-11
-45
27
-32
-56
-54
-43
19
17
-23
72
7
29
52
33
105
-51
23
51
-38
-37
23
8
54
-25
-69
-2
22
40
53
80
0
11
27
43
37
12
17
41
-47
18
-21
27
36
133
19
-85
-39
21
-1
-4
-1
22
-69
29
-26
-30
27
-48
50
44
-90
28
-27
-19
-17
-43
39
96
-61
13
-55
99
23
42
17
48
-14
-13
-23
97
21
37
87
8
-29
52
9
-15
-11
32
-1
41
17
56
2
-97
27
-11
80
-68
-9
7
-52
-23
41
-32
14
-35
-43
-98
-18
26
-25
-14
-96
-32
48
-2
-7
-2
72
45
10
-43
-34
-78
-29
8
-3
73
121
-18
13
-57
-50
-43
10
-35
-64
-39
-62
47
-7
32
-75
24
37
-11
-14
-84
65
-46
-39
9
-66
-11
-76
8
43
-59
4
96
43
-108
49
-8
10
22
-9
66
4
47
-63
69
-22
-23
-41
42
9
-28
77
-23
6
-37
-17
12
18
-7
10
51
-15
-35
-36
-26
16
-56
-24
-49
-11
54
9
4
-22
-41
48
23
-27
19
-19
47
29
32
53
58
-19
5
7
-44
-1
-45
15
-18
-1
13
-20
-29
-58
-15
8
-6
32
54
-81
26
-17
-28
-34
-57
26
59
29
-2
