-128
-694
917
1055
-1303
753
-1439
90
-1458
-375
1173
81
1205
-771
-223
156
-528
-561
-433
-291
-1003
-1020
825
-1622
1444
-1136
374
87
-496
-638
242
316
-446
-877
-853
1308
1215
45
422
-1045
-636
-1406
-23
39
1561
-596
-1407
284
535
1171
757
1026
-1462
-895
1319
252
-14
80
1321
840
-652
-1355
-718
-801
-1157
1473
1343
18
-1331
-1582
987
-746
1425
285
747
970
-1636
1441
1332
463
-1060
-577
2
-864
914
192
-717
1122
14
107
1240
-1367
-564
-391
-251
355
1541
345
-410
731
-726
-411
-1632
-88
-251
1300
1354
-1131
188
746
1417
-750
1122
1416
-1141
-1237
-1168
-1051
1295
1444
1308
-581
182
-919
-301
-550
-1296
808
1201
-612
943
1304
-1245
-240
-212
-266
586
-1045
-167
1459
1225
572
899
908
1255
-565
663
-1637
208
1166
813
850
-1031
-1101
-1612
30
29
-1062
149
1099
-48
1282
-25
1655
-204
277
1555
584
641
-1309
218
957
-629
-1653
-1120
-1085
-987
-1312
1152
864
-806
-744
1106
-234
-68
869
385
128
-1615
1350
299
-928
1270
193
324
496
-380
1540
-257
-828
-240
1267
271
-1303
342
1162
549
906
-94
1505
733
-360
-303
-620
-834
731
224
1246
746
596
-697
-1562
713
-1065
-731
853
-792
1484
-376
1380
-129
-183
927
-634
-955
552
-815
868
817
1098
434
75
538
-1064
-1321
-68
1437
242
-750
-219
-920
385
116
106
699
1483
1344
46
-1303
60
-1664
-5
-1133
-1243
-1224
485
-1040
-273
-330
1589
1352
-700
-1544
1364
-255
-187
-1416
1112
-57
898
854
-589
609
-848
505
-1428
1411
-1580
837
19
-1043
-185
-173
1632
-1277
-946
1489
233
-1374
690
-847
1539
-1576
-766
-571
1444
1317
968
-217
-790
-792
1661
-535
-1395
-550
-96
485
-566
-1070
904
727
-635
-660
-462
1586
-263
117
931
-1259
1076
-1069
-618
991
-1558
-968
1303
-1630
-123
556
1088
305
-1564
1433
-370
-1298
1254
-220
534
270
866
1196
1167
30
1038
895
345
1583
-746
-1187
671
1388
-1069
-339
-1659
-726
846
116
680
-931
1096
1525
-1299
-135
-749
-1509
-391
1112
-1045
-187
388
1468
-1181
169
876
-710
-382
-22
61
-529
-389
-31
577
-1274
-953
-1377
-1019
1384
449
709
-265
1599
-501
1605
354
-214
-119
-1533
792
-794
-854
-1266
1408
719
530
-1097
-290
-73
-311
-954
89
1596
-957
1364
-455
-1361
-246
-1522
1294
190
1342
-871
-1035
-291
44
1302
-150
7
-165
277
-357
559
323
1081
214
-1167
37
-1133
783
-1020
-872
-147
-422
1571
1314
-1194
1393
-293
-85
-59
-1265
-208
-1210
-40
1233
595
-510
-1206
-981
787
1433
833
-1482
-645
818
-1082
37
669
-1382
-1198
1119
3
103
910
-1322
695
-306
-888
-450
-619
1005
228
228
1017
191
-1172
-1142
-732
455
1193
-752
987
1583
-1122
195
-537
1337
-174
-242
1321
-82
120
378
1368
1339
95
1550
-950
777
728
-163
1573
1561
521
-815
-550
-827
-1314
-364
203
-684
1138
-1628
213
1012
-833
1006
-601
-127
952
-836
1594
-242
-752
-1346
-550
1356
-1466
-1086
1661
-437
-1405
-1294
267
-725
-16
257
-992
808
993
1581
-1642
-856
-574
598
-1456
4
-1277
1289
-1134
-1623
793
-41
-411
-1569
-1182
-580
521
111
558
516
1587
273
-592
-845
-294
-1157
130
1267
-395
-917
-761
-1054
990
-1404
1185
-550
1041
-524
368
240
-1271
977
730
-1068
-986
406
177
1251
-946
-304
-1570
-1207
-689
-1261
-1205
337
-1187
-1535
1505
-1115
412
1267
342
-514
700
-1581
1606
-1340
-322
476
-38
-933
1605
-61
1569
-424
-151
130
1246
778
916
119
834
-1020
-350
-72
1547
-1066
602
101
1037
-533
-320
14
-865
1089
-926
708
683
919
1452
420
1619
1502
-580
-766
-690
-1046
-1428
-416
-1093
704
-4
-550
-487
706
373
931
1565
-588
1238
-774
778
755
4
51
-459
1307
-28
-668
720
896
-742
-1290
-196
544
-1294
-802
602
-824
-78
-1170
910
1562
1228
894
574
966
520
913
-173
-941
-771
333
-563
1261
999
38
-1273
1194
159
-640
-1155
821
93
-1304
494
-840
1523
935
191
368
727
-874
-619
540
-979
1422
-1340
918
-739
1430
-1305
-580
916
-81
516
-1639
297
1040
-118
-1317
-1286
1432
1288
1294
-1518
126
-1567
-375
-254
1299
1371
1648
-741
-1584
-1439
-710
-482
-467
-961
1411
-1109
309
-60
-1503
-784
-228
400
244
1032
-646
-1001
679
451
-896
-408
832
1396
-198
60
-683
-1544
-902
-98
-552
1194
-260
-524
-312
1169
912
359
571
-402
-1473
1026
399
-1273
-655
283
-1476
-997
-708
1109
-623
269
-739
-1650
889
-871
-343
327
-815
1188
41
-22
-299
-549
695
-1615
-56
-3
-1613
128
625
-1636
-1634
-393
534
665
907
-866
-1209
776
1366
-317
-1450
-612
-826
514
1037
-1197
691
-1605
-325
749
1365
-850
1565
1474
-504
-1275
-1330
509
-108
1039
664
1176
-1299
780
-1208
1371
87
-1584
-1409
-1550
-1012
1188
1538
-128
1543
814
-844
-1208
1393
474
-1583
1444
323
-435
-43
758
1203
477
1573
357
-1405
-602
138
491
597
-805
801
-1101
40
-1260
1237
-763
129
-767
660
1255
630
1559
-786
-540
113
-1488
709
397
1082
1280
1592
832
1367
-486
819
-1239
-983
652
422
1636
1598
1290
-227
155
1343
-1559
406
23
-620
35
-840
408
-644
-558
1416
-488
295
-1325
-119
-1428
21
375
-1174
-1656
-657
-357
1165
-633
-1275
234
1151
392
-527
977
201
-33
-114
-832
89
670
1095
1229
-1599
1102
-708
-882
77
-1205
985
-1096
-1528
-1626
-1574
-1361
-1438
778
-1268
-425
1164
-1370
117
229
124
-525
690
-1182
829
26
-287
-232
-168
899
1259
1566
-441
-1446
-1062
-1571
-1399
1286
-90
1268
764
-534
-853
665
-1308
614
-2
475
-211
585
1027
-1407
1340
-708
-764
-1507
1238
1347
-114
1161
707
1273
-48
1090
144
710
-221
359
986
935
-166
955
919
128
1522
922
1497
-1386
-697
-724
403
-351
-1548
541
-521
1385
22
474
-1501
410
1571
-157
-766
-1056
635
-310
-199
1337
-811
345
-1321
1536
570
-37
-926
-654
-912
1340
-318
1491
-1211
1310
530
465
-1600
305
-1334
-599
162
-1169
-421
1373
1579
-119
866
156
1196
-1616
50
-1388
-1347
1112
1427
-834
-1557
-688
10
-1600
192
721
385
-1032
-58
-1518
-924
242
1061
638
-224
1233
397
-1579
933
1262
349
159
-1527
148
-1105
-1622
-714
-710
-575
-1584
1585
643
78
1590
-1250
-1543
-506
859
-1037
588
1159
554
-1386
1616
500
-433
-1335
-1608
930
-200
-806
1091
552
1350
1198
334
-462
-131
-188
-1340
-589
-375
-1660
519
-436
-79
-811
-1602
-663
-1385
-1434
780
-841
-514
-997
1528
1624
455
-1272
-1131
821
1239
-177
61
1662
775
-588
780
1463
-561
277
570
-342
-672
-1032
-43
329
797
-1613
-548
774
516
540
-1504
-474
-655
287
-229
-479
-1620
486
780
-736
1029
14
-51
-363
1242
-1654
36
1588
637
1235
422
-1603
-556
-85
-891
1135
-269
921
-274
1132
-1334
-1129
-948
788
1132
-1067
-1087
1423
470
150
-417
668
1018
1459
570
1435
-565
-461
-811
-567
434
-579
-775
-1159
744
-1315
279
-500
1449
-1382
6
1119
-914
-1004
-61
-1463
-348
14
270
723
728
583
343
-468
-1140
-436
-1248
-812
93
1441
1636
-1143
-1307
-882
1091
516
-108
1292
-1370
-791
-1328
258
-1488
921
-1388
415
901
1524
256
1001
-440
828
1146
1629
1560
-1141
-271
-57
-545
1566
1465
1168
-616
-298
435
-1640
-1547
-449
518
-267
531
670
1272
-1295
-711
648
-634
1213
-752
1579
1228
-460
814
265
706
369
-667
738
1190
-621
-760
-327
895
200
-949
-1642
1261
-585
-1109
-295
363
-1328
-1316
-1094
-565
788
-927
-1103
601
-263
-1175
248
942
916
-1577
1516
414
-101
-641
-773
-1490
668
-977
1661
1402
-1179
-28
716
594
-1088
-651
-435
-111
1194
1615
1110
-1300
1496
-116
-1073
-517
491
278
-1200
-446
1174
1215
815
144
-515
-374
-1104
927
1348
1117
657
-1634
-469
505
-535
801
978
-951
-37
643
-97
621
778
1210
1501
-1501
1343
566
164
-778
241
1064
-1524
-1613
188
-335
1057
677
36
289
1262
-297
1622
971
-715
-654
1490
-713
1282
1084
-653
-1014
-386
-934
-187
-1124
1526
1213
-1025
830
-1609
-1644
-1537
-845
225
174
-318
-738
-1202
-868
535
1043
-1588
1244
-1392
-1013
-615
-349
-1026
983
1119
976
-149
480
-976
-1192
-80
173
-887
877
-407
-977
651
-1495
1628
640
-1620
-370
-649
680
-972
-1222
-1587
1074
-1350
-571
1158
-94
1404
-516
1265
-1297
-1301
1190
1654
1433
530
803
1631
-244
-1154
-1600
521
-101
487
667
1470
1619
1354
1217
1613
1396
1021
1104
911
922
-147
458
-527
-1617
-891
-1006
481
1326
-1000
203
-613
-1223
-320
437
423
695
-96
-895
982
1553
1622
1631
-308
-1324
-156
888
-364
934
-1327
-591
1058
978
123
1217
1334
-1395
-359
-1393
65
-745
-1227
-357
420
-343
1208
508
-1204
-1261
421
1655
-883
1296
-1058
-930
498
-1
-424
1534
682
532
875
640
21
195
1349
-10
245
199
-1411
-1444
-447
1427
1266
417
208
561
414
200
-1588
488
829
-963
-851
-1219
396
1568
-1385
-424
-1185
-873
-199
357
-314
1380
-1167
853
-1571
1562
1639
803
1264
-800
1650
-27
409
-205
667
-1560
-915
1593
588
-1047
1333
1238
-685
701
1010
1121
1571
-302
194
1649
-852
-148
491
-1161
1349
820
-300
226
245
881
-971
597
-82
-1209
621
666
962
503
254
-357
1337
-1484
1178
38
-827
1337
-1241
-365
1655
398
89
-587
1109
-370
8
389
594
22
1582
938
1131
690
603
-1017
-1392
1529
-147
41
-1082
1031
460
1225
1476
-531
326
179
164
672
744
1227
1026
71
271
263
-792
1177
-788
568
-1127
431
-1316
500
-669
1470
798
-700
742
-1071
-575
1337
-485
713
-1322
779
-980
1038
-373
-704
98
-957
-757
-1307
463
1126
1259
-1563
1389
631
-1018
976
-289
1345
1646
456
-663
-592
-1009
-704
670
670
-270
1401
1624
779
1236
545
-876
-1226
-129
-1216
1655
63
1205
-1119
-759
1659
355
1006
-7
-732
943
-1577
1545
-648
508
-270
39
-1507
912
-1538
954
764
882
-253
1562
751
1128
1468
1057
260
392
-1035
-1176
1434
170
-1385
596
328
179
1448
1358
-1444
70
1151
-25
1239
-975
738
-1425
-1157
839
399
-232
1048
-794
-983
1589
-208
749
531
-179
-1147
1366
-645
-675
-53
-815
1081
-1318
236
-274
-157
-531
-283
207
-373
-405
-623
-1048
465
-119
926
1120
-1574
659
1547
12
-1606
-1175
-846
331
172
-307
883
619
-623
581
1590
617
-863
-338
-1535
832
-685
1418
-1133
545
-470
-1241
938
-122
297
-136
-663
813
-1490
716
-1109
-267
369
-558
971
1292
-1503
426
1453
-1254
-581
552
1221
712
-1428
-1364
-1115
1449
328
896
90
221
713
75
490
17
1499
-1352
-460
680
-1349
1054
-674
1525
892
1189
194
-603
-842
-955
1222
-104
248
384
1620
995
222
300
981
-1358
103
1082
-862
1502
1391
-896
243
-699
823
153
-70
-1234
-1571
775
1007
515
1316
1313
164
-420
-1062
-1055
-336
688
-1398
854
-560
-1097
1299
1427
42
188
1216
1291
1258
154
1401
-661
1303
1637
699
626
201
284
1651
-1090
1230
1085
1246
315
1299
959
-1135
-884
-1631
1484
777
-13
-1481
-4
-1002
1096
-36
-482
-622
-307
-784
742
494
1022
-1229
624
651
1524
-210
848
-1027
178
-455
-95
-1193
-260
1331
102
-1183
-847
-898
-31
-944
1018
899
-861
362
-830
1397
932
1227
1655
259
-1645
-1423
-655
-962
-313
586
-1527
797
1586
914
1115
967
-1572
-47
225
279
237
-453
1247
-1395
889
-262
-1258
-401
296
536
-745
492
-1600
726
-1380
-742
-1449
241
-1376
-1321
1160
-1124
-1197
-340
1508
265
326
318
-257
1380
1166
-481
-1321
-1109
298
-958
-1624
1333
1553
905
112
-720
-1333
-588
294
-1595
-1644
611
-1279
-484
1297
-146
-654
960
1470
1499
1541
1122
206
-1629
609
510
23
-112
-1590
979
-487
1495
487
392
836
-1180
-1479
201
-1586
-1186
1281
-1173
471
-1619
1437
-1273
-728
-114
965
-428
-1553
168
-280
1173
-1046
912
-1262
-1574
480
1593
209
1323
-1529
-1183
1636
719
1400
-1162
879
-61
718
-1024
-1534
1431
-1270
-1157
939
311
800
-1521
952
653
929
-843
656
1519
-724
-1655
1246
73
-630
-197
799
813
1475
882
1099
-114
-1640
385
-465
-431
453
144
-334
1241
-1364
-1223
1059
830
-36
-670
1156
1021
-1212
-1436
1186
1073
1055
-41
-37
-963
-1062
-36
87
-1655
-886
-820
1360
389
-854
923
532
-134
-1243
-1356
-1544
59
-944
1396
766
590
-519
73
-705
144
1631
687
-515
-268
-1111
-952
155
752
1108
1003
-545
-1483
1603
1420
-510
-1048
-995
540
-177
491
-1189
-670
-693
1043
825
1239
-716
-681
498
-156
-194
1016
-230
885
-511
-1461
-1127
-1417
1651
-1536
-930
1647
508
1254
1491
1160
960
-881
966
-171
1594
-1257
-1071
-280
328
-35
-1499
-1576
970
302
319
-1542
-832
-1375
-1340
-1426
759
-1599
-620
269
-1105
-844
614
-295
-1001
-1428
1149
-1340
1590
658
269
-1223
-1559
1200
1145
-46
1207
303
692
221
-695
758
945
-254
770
1032
-748
434
1611
606
1127
-1064
1653
546
37
-255
272
-966
-1432
-1516
-1208
789
1664
-532
258
-1140
-558
-59
-1087
1471
-119
-1267
-269
1344
-163
1361
711
749
1455
-262
-1341
155
1649
-291
-956
1399
995
1471
299
-667
-1238
-71
-683
277
-936
1254
-1513
-1144
781
1206
-667
-1631
1323
-1480
1269
631
491
-571
-1301
1200
1172
-1180
1615
-1243
646
35
305
1560
-935
-751
-436
647
1350
601
-1283
1085
-1471
672
173
1128
-1499
-1211
196
-1028
1504
1471
-1182
335
256
-652
-1016
1476
-1237
-1220
1556
-502
93
-1082
-950
36
1399
354
-948
1347
1230
317
1485
925
-838
1257
-1221
-1482
1182
-276
-1635
-1050
1427
1311
-611
1256
-1087
1012
-1613
641
557
1630
687
650
858
837
1657
-1265
-1539
-576
1413
-1251
-697
437
1072
1230
323
355
-1355
-1228
-724
930
-1515
-228
899
-817
-500
1179
-1402
662
-862
564
-1081
766
-916
-1046
755
-481
260
410
-694
-1597
1091
1117
-565
388
-148
573
-1064
-1255
-1409
-1561
-1173
-13
-869
1164
-554
219
899
1184
-465
-953
-1048
1184
215
-913
-987
-1463
-1158
852
-1319
1387
1077
1385
-520
657
-1289
-1604
1344
-40
-440
1387
-1297
572
640
1237
744
1547
-1066
-837
1471
-923
1316
1453
1525
1611
1017
1279
-261
-1391
569
-1664
-1248
715
-1598
1552
-582
502
-452
-982
-1010
842
-581
697
1486
-1449
1120
-1262
-463
1662
-1404
-1401
1264
229
-1196
955
1474
-1417
848
-659
61
-1114
954
-1480
-514
1476
-1263
1317
304
92
1463
-1606
1009
1165
476
-996
1167
26
-289
-1284
-75
1559
854
403
0
-709
1379
-212
868
626
-107
-234
-749
1093
192
-1162
-802
-172
1383
-910
903
-1335
573
13
1374
1096
-116
721
-734
1208
977
287
-33
745
289
-620
934
1243
1039
-709
-645
-664
-575
-108
-1182
127
1350
404
-1628
699
1399
839
-1161
775
794
-572
-269
-382
479
-497
-1305
-999
-215
643
380
343
-165
1365
-963
-1327
831
80
1573
-1017
-1659
973
195
-306
1235
1592
-961
1568
-225
-684
-864
984
1181
-1615
874
218
1138
1554
-1523
-1148
-375
-1631
1091
547
-207
1590
550
537
-1075
1373
-926
1358
-1349
-1582
-156
-321
766
-1400
1354
-1340
1182
527
-606
386
563
-190
-1343
-1587
-1087
-1469
-1435
1484
1609
1331
-1237
957
-176
-1558
971
-843
-1373
681
-1214
-1428
-517
534
567
-1608
1060
-1278
345
148
-818
-417
-487
-557
-1084
650
-555
-1315
1272
1075
-1351
543
-453
-1205
1400
575
-1020
-706
804
152
-688
880
-611
524
-1283
1135
-1254
-1359
-154
763
-1496
-45
1616
972
-1274
1192
-86
-1009
978
-247
-348
-1376
663
1365
52
879
-211
-1183
1462
-1475
-952
-797
945
-1239
1646
-1039
593
2
335
-436
124
1575
1064
-1131
1615
-1346
1261
1318
1322
1150
763
-307
723
-869
584
-1269
1565
-581
1424
1517
-648
-305
-559
-1593
-1062
-120
-202
-1586
-547
13
514
-1279
-1322
-1662
-1263
905
-1576
1512
81
1549
1526
-435
-747
1042
480
292
1363
1427
409
-132
1427
-1632
1241
-1285
-1245
-326
1382
1428
-690
-1648
496
-65
-112
-26
881
1132
291
-35
254
-585
-749
673
-886
-319
-275
-1380
-395
-247
-147
-1415
1155
-1427
1528
295
-292
352
-894
550
991
-595
66
1471
1302
675
833
846
-1382
1066
-895
1440
297
-844
-625
-1399
942
1589
669
839
211
173
-915
-450
-1074
1449
487
-492
1146
-328
-614
-858
1323
-1507
-136
985
-1514
-635
188
1555
833
-1361
-124
-1338
-1321
205
-1094
-1001
-627
-1131
-294
-1369
-275
1091
-1325
-890
-430
-753
-571
1537
-111
1447
1487
630
1230
-1085
-448
-1663
1524
1151
1455
1114
1585
218
-164
1449
1520
-366
727
-802
-736
890
45
-499
1041
-1503
480
-846
-1586
-1627
305
824
422
1138
403
907
600
-1136
436
977
363
-43
632
1292
1341
-164
897
-684
528
-124
1265
1613
-221
-415
-1446
-1125
-1501
-807
983
60
1426
1327
-779
-644
1379
-460
-1109
-684
1510
-474
1131
-45
317
714
-965
800
1127
1068
-1151
-234
-1558
1461
459
848
-638
-1642
-356
827
274
-560
-1603
1198
372
-505
360
1259
-1136
456
442
-1110
-754
1444
-776
724
-1633
-57
-805
400
741
1624
-923
1652
-1550
-921
278
-345
1382
1623
-665
1012
-755
-1340
145
1506
1210
1010
-752
-1579
-248
1055
-266
-1420
-585
471
-1308
-447
1388
-1608
606
-787
1326
-1067
-1456
-347
-206
1630
-505
498
1243
-62
-1395
1083
-403
-1344
-1348
-110
-225
738
-239
-748
1148
-1435
246
-565
-370
1320
152
-823
-1371
644
-268
-497
1301
-827
1007
-630
1565
150
1013
-856
-1049
-1189
815
-1608
1660
-435
1461
691
1376
-317
762
797
1216
-1441
-1476
978
403
-1580
-1264
742
-1260
-1152
-1306
-854
-650
1353
-564
972
-453
-924
1053
-920
-335
450
-592
-850
672
-1148
-86
1208
-459
-328
-826
494
-716
800
353
1
1545
1015
-1283
-329
-1590
52
175
1451
93
-909
1285
497
1624
-276
1408
591
1
-1582
1290
-1132
1048
1430
-304
-1516
1613
-1221
-1639
-12
-588
-770
1007
-170
-1331
937
-1294
-1160
1279
-686
-876
477
-1600
-302
-498
-756
-423
658
-558
985
293
-672
-1364
-617
-370
1552
569
119
1212
-259
5
1405
-629
-853
466
96
609
-1465
-1393
84
1550
-1630
378
-236
-1501
-524
-896
-1375
1516
812
-1081
371
-1597
1614
-1134
-455
-412
1026
1102
1423
-284
-421
1440
-942
366
-168
74
1124
-8
1232
661
1373
-1244
5
499
-128
-153
570
-784
811
89
-1612
-307
1125
93
441
1228
-1451
1211
1340
681
1175
-927
958
402
729
-272
426
-317
-1275
-363
365
496
1402
1145
-1362
1663
415
-740
325
402
-609
-334
900
223
770
-1389
-1137
-1509
719
734
1067
-922
489
-526
185
-1199
-556
168
1433
1315
-443
1480
-303
-1589
-113
912
-599
-1020
128
1517
-387
-1130
-235
383
458
1514
-1073
-280
-1518
-1170
752
-1396
-42
-1237
1178
-124
-613
-1238
-1361
510
-488
-371
204
-432
-706
448
596
1395
1658
-771
-588
-726
-1264
-309
911
-922
394
1236
-871
-803
396
26
-1098
1640
117
-1534
-385
-860
1185
1461
-185
1650
-1174
1165
1292
1007
-1352
-132
1299
1494
1565
149
1285
-1565
-1131
1059
349
1644
-1405
1017
1195
-829
1349
925
-1305
-553
605
544
-118
-64
1326
-185
-862
293
-801
272
-249
-1031
-1631
1080
1077
-433
1109
-473
551
-232
1311
383
-3
1243
-719
1144
-781
1218
214
1627
1453
-748
471
-1087
-262
1265
645
571
1071
78
-891
1659
-1226
730
893
-1548
949
616
-430
-137
-1002
674
-303
-537
149
1114
1368
-434
694
636
1131
984
-1057
-238
-1095
1411
1318
-616
-1406
915
-1456
343
-242
167
-770
-1555
-972
-725
-965
-999
-403
273
-342
-461
760
-121
-1072
34
-873
465
1601
751
1452
-864
-837
-1220
-1023
855
1652
-1533
-455
-1349
-1575
-448
-1212
-751
-903
-44
-44
811
1124
-684
-1288
-189
1151
-1575
-473
-1029
-631
-1338
697
646
1052
-776
1274
857
548
-298
1050
-1027
-797
864
-242
-694
-953
212
1402
-358
-1063
-909
-687
-1320
-1551
530
731
1554
1318
-1457
-200
-921
413
-1663
-368
1019
726
-860
-1517
1388
548
1574
-761
-346
-409
-1484
933
-513
1362
-929
642
1233
-1331
-1538
-829
-1305
-872
-1088
-1073
501
166
-1588
-42
-779
573
591
-773
1510
-1488
222
256
1499
-277
-16
1588
82
1128
754
-1475
832
-1461
-1664
-829
1521
-1622
-1513
-1076
815
975
-390
-1073
1002
-1057
575
-374
3
-1469
-897
-214
1134
1650
109
-1265
-521
185
271
-1011
-547
967
-835
1284
-982
45
400
-986
-1560
-440
-1152
656
144
172
-1274
-555
-1412
-357
752
729
-1124
951
500
1444
874
405
-1069
142
132
621
1144
1274
591
-1205
980
-807
-343
-612
1468
63
-443
502
397
1092
-586
1223
1310
-850
-1
-902
517
-459
-1532
983
1431
-31
322
-1094
333
48
-103
-248
-62
1456
202
6
-908
793
-1428
1608
-400
526
-1425
225
-1156
107
707
710
74
-412
-1585
784
-1285
-172
-1369
561
1596
-1051
-488
66
657
537
701
-113
510
-1037
1448
252
1446
1452
334
575
-325
1122
-1548
859
1170
279
-30
-650
-804
560
-680
-82
1245
626
756
321
970
-1132
-1166
595
1043
-759
-633
-615
396
218
1306
-1167
795
-504
-1216
-996
541
-182
1444
-873
-1305
1309
-1005
1412
149
-765
-664
485
-588
-642
1246
385
-152
118
9
-1582
1490
-398
-1051
-672
641
-61
-820
-1255
1528
-293
855
1074
-1308
934
-1451
-785
673
61
-1524
-871
1620
926
1324
515
1203
1090
-933
-1316
1320
1170
1163
-499
973
-1541
-1120
1390
-595
1386
1652
-785
842
-1449
-1504
-1167
1010
-5
292
-612
1064
940
-1566
965
1077
-695
1525
1491
1024
1362
804
-1557
-625
-947
-1337
-1118
1571
712
1657
252
679
1232
-821
-89
-1586
624
1411
-999
514
-125
859
-411
543
-199
639
-1388
-1232
219
138
967
811
583
-1241
-725
28
-1659
1267
-1649
-87
922
-976
848
1104
-1376
-438
441
-1318
1290
241
-1309
-637
-1522
-789
-596
-178
-1578
632
-687
-73
-584
1483
-618
1323
1340
-203
-494
735
1091
-454
-490
839
921
-148
-358
-529
-766
-358
-10
901
839
1056
924
-412
-202
-856
-541
-1417
127
685
1430
-125
1566
816
-282
417
-539
157
-1101
-330
724
292
1103
-1460
-1171
-1209
-347
1085
1445
-1572
117
1129
756
-128
