-17
-13
-14
-7
15
8
-18
-17
14
-3
21
-9
15
4
17
24
-1
12
-23
-6
-19
16
16
-21
25
-15
9
25
1
-5
7
1
-24
-11
-22
23
-9
0
13
-6
-17
10
-22
3
-3
11
-12
-4
3
7
21
0
-8
-4
2
-19
-22
15
10
-8
24
7
-2
-4
-2
-8
14
-3
12
-2
7
13
21
23
-6
-2
-9
19
-24
22
-1
17
-17
9
7
15
-5
19
4
-7
18
2
1
-2
-17
12
8
4
-19
-21
-13
18
2
11
-8
-5
-18
7
-1
5
-19
8
-24
-14
19
6
-12
24
-14
-18
-10
-21
17
8
-3
24
-14
-6
-2
-11
9
-15
13
-9
-2
-24
12
-11
15
4
-4
20
3
22
-12
-12
23
8
-10
-6
-5
0
-12
3
-13
15
8
-10
-2
15
-2
11
21
-17
0
21
4
8
-24
-20
-18
16
22
4
-24
-17
-23
-14
-23
5
-11
-20
7
-6
-14
-12
-18
3
-9
13
11
-3
16
11
25
4
-9
2
18
-9
-13
-15
-24
7
10
-21
5
-4
2
-24
-12
12
21
24
-23
-2
16
24
-11
-9
-23
-22
-13
-16
21
-14
-9
-10
-7
11
-12
-13
-13
-10
-9
-2
-22
-17
11
-16
-7
16
-8
8
-23
-21
24
11
22
3
21
-9
-18
-18
16
-21
-13
23
-23
23
11
-22
-2
18
15
-4
-15
-11
-11
-4
-20
-2
22
4
-18
5
15
-2
4
1
-16
-12
-12
-6
-8
13
3
24
15
17
-7
23
1
-7
1
-3
-19
-4
-11
17
-12
-12
1
20
-16
15
8
-17
-22
22
4
-6
-11
-19
-24
12
-18
-9
-1
8
-22
13
4
-11
16
9
-3
19
-15
-10
10
6
-12
8
-6
2
19
9
18
0
11
-13
-22
-20
21
-5
-12
16
-8
11
0
5
-7
2
-20
21
-22
24
-19
-19
-20
-8
-13
12
4
-13
15
17
-4
-22
12
15
17
-15
-20
-2
-18
16
-9
-23
-1
-6
22
-19
16
4
-24
-4
23
21
20
-6
24
0
16
9
6
-9
-4
23
-24
-24
-9
-19
24
-7
20
-9
17
-15
-21
6
25
20
-13
-5
9
-12
-19
7
14
13
23
19
-14
11
11
7
-12
-15
17
-13
6
-7
1
9
24
0
23
-9
-20
23
20
-23
-3
24
17
19
-1
13
18
15
17
8
1
19
23
13
4
5
-6
17
-16
-18
-11
-2
-6
11
1
-8
-7
0
-15
-21
-15
-12
-6
4
17
16
16
24
20
-8
18
-1
-1
20
-15
22
20
-20
22
18
25
-17
2
12
24
-12
-23
1
-16
7
24
-9
23
6
-13
-4
8
-12
2
24
-1
-21
-14
-18
-11
24
12
-10
22
-13
-22
0
15
1
-15
-10
15
-23
15
-13
-8
-8
-13
6
-5
-1
-23
16
21
24
23
9
14
-6
11
-14
-24
23
13
0
25
-16
-15
21
-16
3
-6
-15
6
12
-10
-18
20
-4
-19
-1
-5
4
17
11
13
-16
-21
-16
-8
-3
-9
4
23
-13
14
3
18
-11
-22
-20
-16
7
1
2
-24
-23
-23
14
10
-8
24
10
16
8
17
14
12
6
2
-16
-9
11
-6
-3
-14
13
-1
14
-24
-16
4
-2
-15
-23
17
6
-3
-1
-1
-17
23
-2
-4
21
12
1
6
-13
-12
-8
1
25
24
8
6
-13
-15
22
5
-7
-24
-8
16
-8
5
-12
5
17
-6
-20
-12
20
23
18
22
-13
7
12
8
6
2
-17
3
1
-17
-4
-11
-18
25
-16
-18
23
-16
7
15
4
-3
-21
18
15
-9
6
19
-19
-3
2
21
-4
0
-1
23
9
-24
18
1
6
13
-17
-13
8
-22
21
-22
12
-7
8
10
-15
20
17
-5
-10
-4
-11
-5
8
0
24
-23
23
-2
-19
-9
14
10
-12
2
21
-16
-3
20
-21
22
-5
11
13
20
-12
18
6
-11
5
9
22
-11
17
7
-5
-14
-13
5
25
2
-15
-8
-13
15
14
5
-4
-6
-18
-1
0
9
-15
-8
-14
4
-24
18
7
17
17
9
-8
-7
-19
7
6
-5
13
23
-24
-12
3
18
-24
-24
25
19
3
-15
22
24
-7
-19
21
10
-8
1
22
-24
9
20
-8
-2
-12
-11
12
-9
20
-3
13
-16
12
-24
-15
21
24
-6
-3
11
1
-6
18
14
11
11
-13
-6
-24
-20
-1
-18
16
12
-3
16
-15
9
16
10
0
-21
-12
20
-6
25
13
17
13
12
-16
-5
-17
-18
-3
-7
-23
-8
-22
16
13
-2
15
14
13
-11
8
-12
15
4
-13
6
-24
-18
2
-23
-21
24
11
10
-8
3
11
24
-11
-8
2
0
11
-17
14
-1
-7
17
15
10
23
22
15
9
-2
15
10
-10
22
14
-4
-23
-13
21
-22
-8
25
-11
-7
2
11
-13
-24
10
-22
-7
-19
-15
-21
-24
-22
-7
-18
8
16
23
-10
14
-9
-2
-11
21
-8
18
-22
25
0
-5
5
-12
2
-8
19
-14
-7
24
22
-22
2
-18
-19
-13
13
-22
-24
-20
5
16
-9
-5
20
16
24
12
-3
-19
-24
8
10
16
11
5
5
-19
-5
6
11
3
6
5
-9
18
-7
11
3
4
-16
-7
2
-11
12
-1
-22
-22
-3
12
-17
1
9
17
-20
7
-14
20
20
24
24
12
-12
2
-20
-13
-20
1
25
16
24
3
14
11
-13
3
-18
19
-15
8
16
-18
-17
6
-4
-19
-8
2
11
3
25
-7
7
15
-6
-2
-3
-12
-5
-3
-15
10
24
22
-5
-2
23
21
11
-9
19
10
5
13
5
-18
-21
15
-13
-24
19
-4
9
17
19
17
24
23
14
-3
25
-9
21
15
3
-11
8
-4
20
-8
17
-9
-13
2
17
-5
-15
9
20
22
-19
-5
24
-12
10
-6
5
21
-14
0
-8
13
-1
-21
1
23
12
-24
-15
11
-15
-19
20
-4
10
24
0
13
-10
-5
-5
-6
-19
-24
1
-21
-1
-19
-7
17
9
-23
1
11
4
-21
-18
22
9
5
14
-1
3
0
19
1
-10
21
-14
11
-10
-14
25
13
-16
-24
5
18
-20
16
25
17
-15
14
-1
16
10
-22
11
1
8
17
9
5
9
0
-23
-15
23
24
-18
-3
7
12
14
-3
21
-21
-24
19
4
13
17
24
-18
-24
-12
12
-2
12
22
17
-21
8
-14
0
-17
-20
25
22
-23
-7
19
18
-22
-22
15
-1
-23
-15
-23
-19
23
-24
3
21
20
23
24
-20
8
7
-24
1
-6
-1
10
-12
-12
-5
16
-8
0
16
-6
-2
21
24
-24
16
13
21
-8
17
2
-19
-7
-8
17
16
21
-19
-6
1
16
23
23
-19
25
-1
5
25
-7
-8
21
3
-21
10
5
23
-14
16
8
-6
15
10
16
-9
5
15
17
-8
8
-14
-11
8
-1
-17
-5
-24
14
1
13
3
-8
-15
-12
11
17
22
-14
-10
-1
7
-24
13
-21
10
8
-10
23
-15
3
5
25
17
-15
25
23
0
22
19
-12
6
15
20
22
-13
6
3
18
7
-22
-24
-24
13
-1
4
-14
-16
19
-8
-4
23
15
-4
3
21
-2
-12
-23
-6
-19
-18
-23
12
-11
-2
9
17
11
-5
-1
15
-23
11
-18
15
-19
8
12
-8
-19
18
-24
25
15
-1
-17
4
25
16
22
6
-24
-18
15
6
7
12
5
13
24
2
-4
8
-1
23
-23
-22
-11
-21
-14
23
-10
-14
1
-15
20
6
-13
22
-22
-13
22
4
17
23
-24
-14
-7
-14
-12
-5
4
18
-19
23
8
14
14
-2
20
16
-10
-22
23
15
21
-7
7
-4
25
5
18
-13
1
-12
19
-18
-23
18
10
24
-10
-21
-5
10
6
-24
0
-14
13
-1
0
-2
9
15
20
12
-16
-5
23
-4
-7
7
16
-15
7
-24
-18
24
21
-16
23
14
-17
17
-13
-1
-14
14
3
10
14
14
2
-14
2
-18
-6
12
-24
-14
16
-6
-19
7
-7
16
23
5
-14
15
-21
15
-24
3
-22
13
-9
-12
13
6
20
-17
-16
13
20
20
-9
0
15
-22
-20
-16
-6
-14
2
18
4
16
3
-3
16
3
5
-3
5
9
25
11
-3
-24
-3
-16
19
10
-4
24
-4
23
-13
16
1
9
3
16
-12
-15
-7
16
18
-15
15
-7
17
17
-16
7
-3
-24
22
-6
23
-5
5
1
20
10
-12
-13
-6
-18
22
-12
-10
-2
-19
0
-8
-6
-1
11
3
-6
25
25
12
-3
-2
19
3
-14
21
24
1
4
24
4
-2
-8
24
18
-7
6
13
16
-13
13
-6
25
23
-17
23
-8
20
4
17
25
-8
11
7
7
-11
22
4
-22
3
14
-8
-3
-23
15
1
-17
21
-5
-15
14
-3
25
-23
-14
-6
-9
22
-2
-2
12
-14
11
18
-24
23
1
17
12
-2
8
-18
-10
-23
-23
-18
5
20
17
8
16
9
-17
-9
10
-17
19
-23
13
2
23
-23
-21
-11
-18
-14
14
13
13
25
21
5
-15
12
-15
10
-2
-23
23
-16
-2
-10
-18
-22
16
-20
-15
-21
10
1
-12
-1
13
-12
10
-19
4
-20
-21
-1
13
8
-3
5
-18
-6
24
-8
2
4
3
21
-14
7
23
-5
11
17
18
1
22
18
-24
-18
17
-6
-17
19
5
-9
22
-19
19
24
25
21
10
6
21
0
0
14
4
3
-14
-13
-5
25
-16
19
17
1
2
15
10
8
9
-16
18
2
-23
17
9
24
-14
2
-2
23
25
3
7
1
-16
16
23
-6
6
-9
21
22
-1
5
17
6
8
-7
1
9
-5
-7
-15
-4
21
9
-2
23
23
-13
-12
-7
-19
3
14
24
-11
-23
-18
25
5
-20
-7
18
0
-17
-13
14
13
-19
-8
-16
14
18
-15
-22
17
-24
22
13
-9
24
18
11
22
23
-17
-13
-5
11
-20
9
-11
-11
7
9
-15
10
-13
5
-11
-6
-18
0
15
6
22
19
10
12
23
-13
-11
-15
24
-19
7
23
-13
12
15
-18
12
-4
-16
-9
-7
11
-7
7
-24
-13
15
-13
9
20
-5
-12
-18
-18
0
6
-21
-6
11
-18
-2
-6
-23
24
-3
-12
8
-7
17
25
3
24
4
12
4
-6
19
8
8
-8
12
-6
25
5
-11
21
-12
-2
17
-3
-7
-20
