-13
-36
-49
-9
-8
-19
4
-42
-83
1
-27
-82
-11
-20
-2
14
-18
-42
-9
-2
-22
14
24
-5
-45
17
-28
28
-30
-47
-41
-70
9
-3
-47
11
-33
-12
-6
-32
-46
-23
-68
9
31
-59
-65
11
21
-25
1
-39
-35
-9
-33
-14
-48
-33
-50
-38
-44
-50
34
-50
-46
-62
-99
-80
-28
7
11
-54
-34
-31
-18
-19
-45
-38
13
11
-34
-77
21
-20
-31
11
-39
-30
-11
-52
-73
-21
-40
-5
-18
46
-23
-11
10
-27
-50
-32
46
-34
-39
-11
-34
4
18
77
-18
-50
-14
-38
-60
-29
-36
-33
7
-73
-8
-39
-27
-42
0
12
-15
-43
-29
-32
-35
-6
0
56
1
-17
-22
-41
-22
13
-97
-32
-47
-28
-32
4
-6
-108
-51
2
-32
-13
3
-18
6
-15
-33
-22
25
-60
29
5
-18
-47
-7
-30
8
-13
-25
-68
-4
-20
-26
-44
-22
-44
-53
-43
7
-29
-56
-39
18
25
-27
-8
-37
-83
-15
-42
6
-41
-33
-9
-25
-3
-5
-41
-21
-5
-44
-5
-7
-1
-23
-13
-47
0
-20
5
-19
-29
-25
-39
-23
8
5
-2
-62
11
-61
12
-47
18
-32
11
-47
-51
-21
-27
18
-4
-13
-3
-64
-57
-17
38
-19
31
-42
-39
16
-3
-68
38
-6
38
-36
6
-42
-22
-16
-34
7
14
-3
-10
-8
-71
-41
-32
-8
-37
-8
18
-36
-35
-64
-11
-17
-37
-55
23
-22
-68
-67
-28
-12
-73
-12
-35
-30
31
9
22
-42
-23
-18
-25
-24
-5
-23
-12
-54
-6
-23
-27
-38
-30
32
-22
-2
-47
7
-7
-27
-41
7
33
-14
-34
-26
-34
10
8
-23
-13
2
-28
-62
-20
-42
-65
-19
-31
-10
73
-10
1
-30
-19
-35
-12
-53
4
24
-34
-5
16
-17
-42
16
0
14
-39
-64
22
-27
-7
-67
-47
-118
-24
11
2
-34
-8
-62
-27
-45
14
-15
-19
19
11
-55
-4
-23
-14
-32
-94
-49
-40
-15
-3
-42
-28
-26
-48
-55
-8
-31
-67
-14
-57
-34
-54
-5
-56
-40
0
-37
1
-45
17
-13
-76
-2
6
-45
10
-41
7
17
-20
-7
-57
1
-25
-47
-15
-20
-54
-31
43
-56
-51
8
-11
-71
-16
3
3
-75
-8
-6
52
-24
-26
-21
-14
-35
-31
-26
-64
-50
0
-2
-30
-15
14
-16
-50
-24
-21
-55
67
21
25
-48
3
-7
-41
-87
-24
-31
-20
0
-44
26
-2
38
-35
-19
-60
29
-4
-57
-24
-1
-57
1
-11
16
-12
-61
3
10
-30
-53
-22
-14
-68
-49
-84
-56
-45
0
22
34
-63
-43
15
-6
8
-68
-34
-7
-62
6
-30
-96
-8
-6
55
-16
-13
-7
-15
-53
5
-4
-80
-15
-11
-14
34
4
23
-23
-41
-32
-32
-8
-3
-8
-3
-15
-13
-41
-39
-30
-26
-67
-31
-2
2
-21
6
17
-48
11
-53
-40
4
-3
-19
-8
-42
-47
-16
-20
2
-35
36
-24
-56
11
-2
-71
-9
18
16
-20
-88
-66
5
-1
26
-37
-52
-61
3
-27
0
-32
25
-5
10
-45
-5
2
-56
13
-23
-81
-6
-45
0
-4
-36
14
-75
5
-52
-50
-67
-80
27
-38
-10
-69
-45
-9
-64
-53
-23
-87
-58
19
-2
-2
1
-28
-41
-28
12
-5
-76
-32
-53
31
19
-34
-49
22
-15
-36
-24
30
-21
-23
-26
-30
-36
-52
-5
-30
-41
-21
-19
-10
-63
-31
4
-60
-31
-11
-4
-55
-8
-81
-109
-14
-27
-19
-1
8
6
-13
10
-27
7
-43
-67
-39
-67
-61
-27
-2
-9
-15
-26
12
11
-32
-25
-16
-67
-2
-38
-52
-23
8
13
-20
-39
-36
-38
-81
-36
-28
-26
-29
-25
-7
0
-12
4
23
-41
-1
-25
14
-18
-36
-18
6
-7
-12
-7
-8
-28
-64
5
3
-56
-31
-6
24
-11
-4
22
-20
-35
-4
-18
19
-27
-8
-31
-62
-7
-28
7
0
-32
22
6
-81
-22
7
-25
12
-58
-2
-18
-3
3
-4
-51
-64
-29
-57
-34
-57
-62
-19
-80
-10
25
-47
-34
-60
-6
5
-68
5
-26
-1
-55
-43
-36
16
15
-6
-94
-29
-64
-13
-8
-55
-20
-15
1
-47
-78
-38
-18
-16
-15
5
8
-7
-37
-41
-32
-8
-2
-22
-31
-4
-61
-22
14
-85
-71
-52
-16
-13
-62
-14
37
-25
-72
18
-59
-3
-8
-84
-56
-25
-4
-47
-37
-21
-81
-103
-28
-73
-24
-23
-27
-44
-3
-48
-26
-2
-27
-76
-48
-30
14
-40
-44
-41
-45
-7
-58
-38
-23
-32
-16
-27
-28
-25
-24
-38
-45
-67
-27
0
-21
-46
-16
-62
-9
-96
-53
-46
-43
26
-17
-15
-54
-2
-25
-48
-46
-15
-80
-20
-56
-52
13
-34
1
31
-25
-46
-14
11
-37
-48
-52
-7
-4
11
21
-74
-26
-24
-15
-38
-58
-9
-18
-17
6
-57
-35
-34
3
3
-27
-30
44
-11
17
-20
5
-79
-10
-16
-38
-42
-21
-38
-61
15
-33
-7
2
-1
-42
-23
-21
-11
11
-14
-38
-62
-2
-22
-10
-48
-2
-13
-9
-32
-51
-34
-6
0
-18
-49
-30
-16
8
3
-23
-57
3
18
-50
21
-25
-53
8
-29
-15
-30
19
25
-66
3
7
-14
-15
-7
-61
-52
-6
42
-6
11
-35
-20
41
-32
19
0
-33
-52
3
11
-5
-69
-33
