-26
42
-12
-8
37
-21
0
15
9
-29
-35
13
-35
-2
-26
-11
-6
-13
2
-30
2
-19
0
0
-1
-20
-7
-4
-14
-18
17
37
13
30
-14
16
39
16
8
-15
-7
-8
45
-8
-29
-27
-13
-35
11
-1
15
-3
-46
-68
-11
19
30
-22
12
-12
38
29
65
-12
15
20
31
11
-15
-4
-29
18
35
8
-20
-19
37
-33
10
3
-4
6
6
12
-18
-18
64
11
-34
4
-7
-32
2
19
36
18
32
4
-21
-1
-20
18
5
47
23
-28
14
-16
-8
-42
-25
13
-16
-20
-5
12
0
42
12
6
24
31
-22
53
11
40
10
-11
-3
-8
-31
-24
7
26
-6
-7
-10
19
11
-10
6
13
11
-19
30
17
-15
-2
24
3
-7
-24
2
13
-29
-2
14
36
9
5
2
0
-31
-10
-9
6
16
0
-42
-1
5
-3
-10
-35
-26
-2
25
-29
26
-24
17
10
-35
-21
-37
-43
15
-5
-19
1
-15
-29
-8
-3
-27
-30
12
-11
80
34
2
0
29
-2
0
17
-17
2
-14
33
17
-45
-10
-11
-56
-3
-30
-19
-40
-18
16
11
-43
6
13
28
-50
-7
-6
16
-7
14
10
-8
14
-30
-16
4
6
-19
5
-15
-43
-13
7
-9
-25
40
-12
-1
17
45
2
23
6
37
-12
26
-33
24
-3
0
32
-15
20
-3
5
2
7
-45
16
-5
-9
21
29
-17
10
44
-26
-37
50
13
-23
34
17
-8
1
9
25
20
0
-19
-12
1
-15
17
-1
-9
6
-4
-17
11
-31
19
-16
14
-43
46
2
47
30
19
2
-1
7
4
30
-30
33
18
23
-18
8
-9
28
38
28
16
52
20
-24
24
51
3
17
-31
-5
13
53
-7
-18
-30
-41
15
-14
8
28
3
-29
50
-5
18
-10
-17
12
17
-16
23
-52
28
2
8
19
22
29
-38
-11
23
-62
38
-21
34
-7
-25
-3
-2
-15
-7
51
-10
49
-24
25
-14
19
28
9
-41
2
-3
7
-14
41
-12
25
-14
23
1
1
6
4
1
-19
5
38
7
53
7
-34
-77
-19
-3
15
18
22
-24
38
-20
5
-7
-15
6
36
32
-7
-25
13
-44
24
-28
-14
5
-13
22
-20
-9
-6
-14
19
24
9
-3
3
-2
-35
17
-26
5
-15
-14
27
1
-26
70
-42
-16
2
-5
-1
-2
-38
-17
-4
-20
23
18
-30
-2
-39
5
39
9
3
-16
-16
23
-33
10
-34
28
6
-11
-2
-5
-21
20
-12
-8
4
-4
-1
-29
-15
-16
30
13
-25
-41
-12
38
-42
-19
10
7
-30
-33
4
7
16
56
-2
28
-30
12
3
-66
47
18
1
11
20
9
-15
-48
-2
-24
-19
10
-29
1
-17
-20
18
19
-6
8
-29
0
-10
-12
3
-41
30
28
0
-43
1
17
11
-22
16
-26
5
-23
-43
-5
-8
-35
5
31
-13
-22
-9
-23
34
-9
-5
15
-11
31
64
14
18
-30
-16
6
-22
31
-22
-11
13
-11
-12
3
43
22
-14
-18
29
-19
-14
19
-14
12
-20
-27
-9
42
13
-35
-33
-2
15
-25
58
38
-34
-47
-5
-28
-56
0
5
25
-16
24
18
29
20
-66
-7
-11
23
28
-12
-16
-31
18
-39
-7
-43
-12
26
0
-36
-8
5
-19
-9
-17
3
63
-10
26
-3
-25
-60
32
-11
69
-6
28
13
-17
12
2
-21
-35
-28
24
2
-4
5
9
28
-15
17
-4
-26
6
-33
11
-16
37
-14
-16
31
41
-46
0
-29
-59
-13
16
25
14
-20
3
48
-13
-38
28
-6
-48
-21
0
9
10
6
-5
70
-1
-6
18
-26
-17
18
-33
14
7
-1
-17
-33
46
39
-32
-6
34
43
5
-13
39
5
38
5
13
12
-43
1
-19
22
41
20
-19
1
-4
-5
-39
-23
-13
8
-33
-12
25
-51
-29
37
-37
17
-17
-25
-5
31
24
33
8
20
7
6
-26
-39
-7
-22
0
-1
0
-28
-12
-4
-14
-2
14
0
-38
1
21
8
-11
18
-1
21
-12
-3
-33
13
8
-17
34
8
-17
37
-9
2
-12
-12
3
24
35
30
-28
22
12
-44
19
-12
21
-3
-18
-32
-21
-13
51
77
-23
-61
-8
16
-19
17
-26
-17
26
-60
13
83
-4
-16
-12
38
23
-50
-1
-16
5
-34
45
-7
46
23
-4
37
-1
35
-53
-8
-31
34
6
-39
-27
10
5
-9
23
-52
18
27
-1
-8
-9
-16
0
1
3
31
1
0
-24
-14
-29
-4
-30
-12
8
-5
20
24
-9
0
-21
-12
30
-32
-9
-1
-33
-4
52
-3
17
-1
24
-33
12
0
-2
-20
-43
-37
4
-14
30
24
37
51
-8
-3
-11
-36
-23
20
-19
5
-7
-31
-21
5
36
15
10
39
30
-35
20
0
-24
-28
25
-10
32
13
14
20
19
9
17
-5
3
8
1
10
-5
-11
40
-34
0
-14
-21
-2
-10
51
-21
39
5
30
-27
14
-13
-10
-20
6
-11
20
33
7
-8
16
29
-4
4
-25
17
7
65
26
-11
-32
7
7
14
-36
10
-15
3
-20
-63
-16
1
11
19
-5
-24
-3
6
24
18
-37
1
40
-3
