-39
96
52
-22
95
8
108
38
-5
-79
72
-20
-37
74
-4
-21
-8
-108
37
23
1
-74
-25
-62
-51
-11
31
-35
-12
56
28
-51
-27
-18
-3
47
47
-88
-40
-46
-52
88
-11
72
-38
78
-101
-65
-80
-33
48
-21
-7
-2
20
-6
14
70
-10
-17
-38
28
-11
-92
-59
93
31
-10
-21
-4
22
25
73
-50
-17
34
110
-9
96
7
-37
16
-27
86
-14
26
-62
44
-2
13
-19
-13
-16
43
75
27
-42
11
45
-28
77
9
65
-59
-26
-8
18
30
-46
-35
-4
86
-13
30
-68
15
64
19
14
10
10
11
54
-94
1
-9
-30
81
76
1
-8
0
-8
-37
53
37
-40
-33
41
-27
-27
37
27
-12
-10
-10
-26
-43
54
-30
14
-41
60
1
-18
12
-31
71
32
29
-59
25
-69
-33
-67
-11
-30
19
-29
24
-71
52
26
24
81
28
50
6
-30
55
10
-46
-38
3
-88
-66
-15
52
-76
24
-94
14
-8
73
-74
59
-99
-26
1
16
10
49
-22
9
-23
36
-26
5
-31
-6
-3
7
31
-75
-50
22
-32
14
-38
-101
-49
-48
28
-15
88
74
61
-69
-36
16
-39
-43
-35
0
-37
-70
-13
28
12
-20
-80
46
21
-106
15
-36
49
101
18
-22
30
-67
-42
7
25
-43
-18
35
12
-25
-28
25
-8
57
-1
24
-64
27
39
78
11
2
40
68
-26
20
7
45
31
-87
44
-30
10
2
11
-32
8
-9
61
-24
-27
-16
19
-66
10
9
37
-24
-78
6
35
-53
1
38
2
-16
-39
-45
4
31
-110
54
-25
17
-137
-11
-46
33
44
-33
23
33
-14
52
-41
96
-13
41
-28
33
-89
66
20
0
64
-35
14
-45
9
36
-49
106
11
-14
9
66
-36
70
0
23
24
-58
54
-53
-2
-12
45
14
-33
-58
-53
30
17
-19
-11
1
-6
80
-132
26
-50
-54
40
106
63
-21
-17
-16
-35
70
-42
7
-84
84
-10
-53
-28
14
-11
105
-29
-33
8
-45
-75
104
-1
51
-74
15
-28
80
33
-37
103
22
-45
-81
-23
87
36
-45
24
-8
-7
-20
16
13
16
22
7
-6
-22
29
51
-2
-123
45
67
-49
-13
-40
-9
-60
-80
-2
-54
-8
-32
33
-4
75
-7
-71
-70
-12
-10
-9
52
-5
63
-18
-83
-2
-4
61
62
27
-17
39
58
-8
18
42
43
0
-35
-71
-11
17
-42
67
-58
-32
-36
13
-49
-40
-68
-16
-19
8
29
35
-10
31
6
-13
-41
3
37
26
42
15
-21
-48
-89
-31
-43
15
-68
-76
25
62
42
-8
-31
-36
-10
87
21
8
39
8
-39
-56
-24
-31
-61
-11
22
-13
-30
-75
-40
-36
-2
3
4
28
-77
-56
-60
-101
84
22
24
42
-22
-30
-128
53
27
-35
0
25
-8
14
7
28
80
4
-21
-27
-27
33
-4
19
-3
65
-8
-25
-39
70
36
14
54
78
-4
18
-7
-88
20
-37
-11
80
-2
96
15
-7
33
-38
1
2
-21
24
11
-4
76
89
1
10
38
19
34
41
33
52
34
75
-65
0
59
5
9
74
-58
-11
-32
-69
-6
-34
-96
-47
61
-61
33
4
-14
-37
31
19
-11
-105
-9
74
-22
86
31
5
-40
-11
-6
23
3
9
106
-2
-25
56
-1
8
-32
7
-37
-23
-12
58
20
-41
-2
-34
-47
-70
53
72
-60
57
-34
-2
44
51
-39
-102
-36
44
42
-37
2
52
-27
-44
1
31
-50
-63
-91
-16
-84
-83
-19
-47
-38
164
-32
57
69
61
-16
111
0
-53
-39
28
82
37
-4
23
-19
45
16
-31
-77
-86
-29
-41
29
32
27
-22
55
45
-52
58
-62
-45
-62
5
23
-15
34
48
78
-49
-5
4
-71
42
73
-43
-62
60
59
45
17
31
-49
65
35
2
-59
-3
-23
-8
-17
-3
-60
-61
19
15
0
18
3
87
-27
53
8
-24
-25
8
-40
27
-102
102
-74
-27
-1
-50
78
-2
-54
31
4
16
4
41
-29
3
-26
-10
26
45
1
-26
12
32
8
79
-49
8
-6
-35
-32
88
-77
21
27
25
-28
-50
-91
45
-10
-59
-3
48
31
30
-71
61
-71
37
-14
116
-22
52
34
92
40
-15
-76
50
-56
-52
0
-36
32
-100
-6
-4
-18
-64
-14
-73
15
-102
32
-36
-19
5
-21
17
-25
38
26
-45
72
60
10
130
19
-94
95
-35
11
-10
-1
15
7
28
-66
19
-89
-37
-10
15
13
-44
-7
-13
-60
4
-55
40
-25
-31
96
60
33
57
27
-9
-65
9
5
-11
-33
5
8
23
-15
53
13
-34
78
17
123
-42
65
-15
54
-26
-8
37
-17
-2
-28
0
-55
-7
-40
53
86
-84
43
5
79
-53
112
-15
-24
61
11
83
43
55
-5
16
-54
49
-26
88
-44
-62
54
-5
-33
-39
-6
47
60
10
-72
23
-77
19
-49
-37
89
-60
40
-54
-25
-9
3
-12
43
7
13
-50
0
-25
-20
-38
49
16
1
23
25
-26
-9
12
24
87
69
-47
29
8
-25
61
-2
-25
17
-54
44
-39
-65
-55
-3
-12
-19
65
63
37
48
-25
53
-32
-13
-50
86
-39
31
-91
3
-15
36
50
-37
-25
-2
-35
39
-48
55
38
35
46
39
29
-31
-106
64
-59
22
-12
4
-45
52
67
-16
-31
78
17
33
19
-35
38
111
-48
-21
45
-130
-74
-19
34
19
-35
27
-19
13
55
-19
19
-51
-60
-25
-35
-6
87
26
-42
-65
42
-72
9
56
12
-75
-48
-45
6
5
22
17
-59
-76
11
-102
-15
5
-94
133
64
42
23
-59
24
99
59
51
-60
14
20
-6
-8
107
-59
114
-92
1
-48
31
21
24
-14
80
11
65
16
93
-33
-66
20
-63
13
47
-8
25
33
-30
-78
-34
3
-39
55
-68
-3
-71
-47
-1
55
-24
-28
-23
-89
-43
-66
12
43
-10
-47
-16
-1
35
-10
1
-38
-81
-1
-82
-18
-11
-9
-62
-17
-69
52
31
-78
-11
6
-75
-62
-33
59
19
31
48
84
44
-209
-21
-15
1
33
-3
40
-61
37
105
-73
58
49
32
77
4
-3
-32
65
32
-106
86
-23
-43
37
79
1
36
56
29
20
-6
26
48
-49
5
-80
-37
16
2
4
41
-21
-11
-96
15
54
-2
-42
6
-2
-20
-2
-19
-79
-60
41
84
-129
-22
7
14
-13
39
-32
-12
-52
8
-6
50
-1
22
-47
-2
-11
7
-29
31
47
-39
23
-11
15
15
16
44
35
68
-91
-22
-33
47
27
-71
40
14
-39
-40
23
28
-105
-118
-8
-73
-43
-10
21
31
52
-12
-57
7
8
-81
-38
-11
-42
-7
67
-58
34
49
54
84
19
21
43
35
-45
49
-25
13
-10
-32
11
-15
12
17
60
14
123
-21
-55
14
-3
69
-56
8
32
-29
-83
-44
10
-107
45
-9
-14
-1
-99
-49
-19
-1
-37
-15
3
26
-32
7
50
-12
22
-10
-84
-105
56
34
66
24
-36
55
5
71
66
-25
6
72
-32
-8
33
-28
65
89
32
-29
-33
50
63
13
29
-19
-12
-26
-8
75
-67
-65
46
32
5
-91
63
16
106
-45
17
36
18
-19
60
-42
2
-29
4
-1
-15
30
16
-29
60
3
-55
-117
-19
16
-4
-24
-13
79
-28
-85
20
4
-37
49
39
25
-48
12
-44
-44
21
-28
-51
64
-27
-29
0
-13
-82
-20
-72
-26
6
26
-27
-93
-7
103
-35
63
-54
-10
51
57
40
67
-102
-36
-5
-76
-5
-4
39
5
103
9
12
57
-6
-61
-78
-18
23
146
60
-12
-29
-47
44
32
10
39
57
35
35
-34
51
-71
5
9
90
16
71
-32
51
10
39
-33
-91
-71
52
-72
-7
-53
21
99
14
-99
-17
46
-82
-116
5
19
-11
1
24
0
9
-19
-32
-3
-42
64
23
37
-53
22
-93
24
-6
69
-37
-42
-8
22
-117
-32
-63
-4
43
17
-39
25
-52
-30
-66
2
-34
-47
-30
13
-80
2
-11
-40
-21
-56
35
-18
37
-33
29
-36
-39
31
-34
-74
52
-2
-123
-58
-58
22
10
-79
14
-44
31
145
-97
109
-15
2
8
0
35
-36
-56
-13
71
-42
26
-61
30
1
-77
-79
-27
-17
81
23
-21
-50
-55
-30
-10
97
3
57
-44
7
-19
65
55
-26
21
-39
-66
-12
46
5
6
-17
-5
-16
20
-6
-26
-31
-3
52
-6
-18
-40
-1
24
-55
-24
72
-63
80
1
-13
-61
0
49
-64
-48
12
-30
45
28
106
-113
-27
-65
53
4
-10
55
-12
-72
3
0
-114
15
22
26
-2
-22
-2
-71
70
-108
91
22
41
-17
6
-37
60
-11
16
30
43
-99
-94
78
58
59
-13
-10
-15
76
25
69
72
2
12
-4
59
-14
25
-43
55
-5
-17
2
-59
25
-39
23
-38
65
48
-63
-62
-25
30
-61
-3
9
46
-64
24
6
1
30
19
21
-24
40
59
106
18
56
-24
-33
-36
0
30
-27
-22
-111
49
-15
65
-14
-42
11
-10
-53
-71
-12
-96
-55
52
9
-89
18
-24
66
-79
-40
42
28
54
52
-51
-101
11
16
2
26
-6
-35
112
-108
39
29
-23
43
4
-5
-39
27
-100
-4
46
-74
66
69
28
3
69
-47
34
-61
11
37
-37
48
14
97
15
-11
9
30
102
-21
-20
-39
-57
22
67
-44
-1
-26
-90
-11
31
8
22
4
-9
98
-4
-6
-34
-75
38
-39
30
12
15
16
-37
48
-12
95
-29
23
49
21
-38
50
40
-69
-69
7
-15
-1
-43
-1
61
8
29
22
35
-50
47
-23
-25
-69
127
27
14
28
-49
27
-62
53
59
8
22
-65
38
-44
13
-100
36
-74
10
-32
32
15
-13
30
9
-10
-40
41
7
-108
40
-50
64
81
-57
45
-4
-104
19
121
18
16
13
25
-11
16
30
50
-91
-14
5
10
-65
-41
-35
-28
64
49
-13
14
22
78
-15
59
16
-40
-101
-57
-24
61
44
29
-57
-86
31
22
-7
88
30
7
-12
80
-26
-32
-14
-25
-26
-75
53
-87
46
-92
-7
-12
80
-6
-23
-78
-30
-99
35
-49
-81
47
57
64
-53
44
-32
26
-52
-70
-14
-19
3
-85
22
-23
15
36
39
18
-35
-8
-17
20
45
85
43
-85
-12
22
-4
-51
76
-51
-63
-21
-11
32
84
105
-34
72
-1
23
-38
26
-3
29
75
-19
40
56
16
11
47
40
52
0
-18
-29
33
-7
-44
85
50
-45
68
-32
9
5
-55
18
-33
38
-5
24
-54
57
-54
-28
19
-3
-56
44
-76
34
-28
-61
15
11
-64
-7
-81
-64
-40
4
86
20
27
-33
-7
80
-31
81
-90
30
9
-7
66
-41
80
-33
11
76
26
69
-22
26
-15
-14
-5
59
9
16
-99
-9
-32
-12
24
18
54
-69
43
-3
34
-31
-50
-31
42
-11
-12
30
109
-11
88
79
-68
-35
-84
-23
47
-5
36
-20
-29
-32
-22
-78
-47
64
-86
66
-34
-31
-36
-13
-66
96
14
16
46
60
-132
23
-71
28
-21
-6
-98
2
-38
34
-7
-11
-14
-64
-52
-18
90
16
-80
42
69
-39
-94
-27
3
-70
-48
-13
40
28
40
-82
57
-35
33
15
-17
28
-19
35
18
-84
-27
49
29
-51
6
81
29
-53
-63
-12
2
-55
-48
-2
-21
-51
-50
10
65
35
1
-13
9
26
19
-15
54
-24
-24
-71
1
-60
-48
-2
-21
-70
66
35
24
125
26
-33
4
-20
70
26
-48
-36
26
-26
-64
28
23
-1
39
-15
-106
-27
-62
-10
0
-29
7
-9
-31
35
-31
-61
11
-18
-3
18
-3
-5
-16
53
54
-62
-36
40
29
103
41
-97
-8
-14
-27
13
-61
-4
-3
8
-7
-67
33
-55
5
-11
37
0
-25
-72
40
-103
-102
-2
21
-17
12
90
53
39
58
-8
10
-62
-63
-39
-91
54
-10
39
-33
50
-20
-43
45
-98
-22
-55
18
31
-14
63
80
-13
55
-7
-15
69
-30
72
-61
54
-86
22
12
-22
-32
19
-18
-11
43
-15
13
-20
-40
-36
27
2
-38
-66
-87
-55
-61
-3
83
16
-37
-11
-37
28
-18
-51
-78
2
-21
-11
-75
31
55
-97
-42
24
-29
-52
83
-28
35
-9
60
28
-86
-85
-77
-15
59
-70
55
-22
-88
-31
-2
39
16
22
55
-49
112
-3
26
-69
-68
-63
-43
-39
-42
29
-48
24
-19
47
-44
64
-17
-15
32
-8
-29
-30
-14
-55
-30
-39
-16
-53
-21
36
-22
-27
4
72
62
-19
-37
13
16
-32
-96
109
-86
39
-25
-23
12
-52
9
49
49
-37
-89
16
51
10
39
-19
-72
76
9
24
-34
-5
-8
40
42
-10
-23
-4
-10
-44
-28
70
-41
42
-5
-27
40
35
-10
70
-21
-19
87
-1
40
-21
-36
18
67
-81
-7
-85
18
-1
-25
115
-11
-15
19
-15
65
-11
-11
-50
-58
73
52
57
85
75
-102
63
35
62
22
-17
36
46
-13
71
-26
-69
-29
-115
36
-53
18
-1
-29
35
-23
64
-8
3
-22
48
-79
-53
-12
2
24
36
-30
29
-17
3
32
51
36
-9
14
19
-71
49
-55
-30
71
-16
-21
-35
-72
-87
-54
19
-21
78
33
-74
5
-32
-5
-3
86
32
-66
-50
-35
40
-10
-5
-39
-17
-78
-62
-5
-18
-44
-33
-27
-49
-14
-34
-51
2
-61
15
10
15
-18
15
-48
-74
16
24
-28
-10
-34
-43
22
-43
-44
-79
37
-20
-14
-26
-46
-119
-22
11
-29
105
-61
-111
-55
-62
-53
9
-13
-12
-9
2
-18
41
-27
-99
-76
-92
-27
-71
-4
-1
25
-19
39
-4
-59
130
0
31
25
21
-29
-43
-42
69
3
-4
-11
-8
70
70
-85
-36
-39
-30
30
-20
13
-15
22
40
-37
84
29
-18
-58
-36
9
-72
-11
88
-20
-35
-33
-18
-38
54
-36
-10
56
-35
33
38
44
-11
32
-8
105
-2
-77
-12
5
-19
-23
56
-8
-20
-8
-99
5
-78
-44
-25
-84
-1
19
0
28
30
9
1
1
-41
105
3
11
52
115
6
-32
-30
29
-12
-2
-21
50
-24
-59
-61
10
57
-26
-40
-57
-30
-21
-55
-6
7
0
55
34
112
-18
4
19
32
25
23
-39
-38
1
87
59
-84
4
4
3
35
4
-29
-53
37
8
-150
47
-15
58
-55
-81
-17
30
14
-34
-15
19
42
106
68
-71
-73
35
97
16
-11
15
-70
-95
17
104
9
-5
56
4
116
1
47
6
36
58
-44
30
52
12
-75
-132
-61
14
-84
106
-18
-5
-116
76
71
-11
-5
13
26
6
95
78
-1
43
33
-40
-14
-71
-33
71
-115
-99
-10
-94
-44
-19
-7
-11
-20
-13
-16
0
23
75
-72
-8
-82
44
-27
-73
-28
-21
-5
-56
28
-2
-71
104
9
45
-116
5
52
-23
26
-26
-12
-95
-4
-32
21
-27
32
10
7
61
21
-39
12
-8
80
-56
-29
-54
-25
-14
-15
10
67
42
-1
16
-73
-13
-66
-125
5
-9
11
-67
-23
-37
-49
4
-24
77
4
-20
120
-38
9
61
-27
29
32
-83
-26
-39
42
-24
67
-4
-46
25
-42
46
-38
-15
-52
41
-11
47
3
58
-12
-19
68
21
-61
-110
-124
98
-14
2
97
-28
54
-1
-15
11
-16
27
45
34
-48
95
4
24
-13
15
-8
-10
42
61
-51
0
27
45
-61
-81
-11
-2
-59
-11
8
-59
-30
12
36
-69
-17
-39
-60
-140
-44
10
-26
8
23
-70
-26
25
62
-8
-22
-56
-53
-57
-24
-49
31
141
82
72
14
21
-84
45
7
35
-15
-42
68
-1
-13
-75
-12
-27
-118
-28
30
84
24
66
-28
51
-21
8
-32
39
-8
-39
-5
-66
-38
-35
-26
-44
85
-54
79
-43
-24
-3
34
8
65
-25
-44
13
8
-21
45
-18
-5
80
70
0
-69
-16
65
54
9
34
55
-19
-6
-20
-31
21
5
-15
23
62
36
-17
24
-42
53
27
53
-7
47
-18
-25
49
-5
39
-26
33
46
-27
-37
24
-10
38
16
-18
28
44
57
-39
-60
-45
9
55
-48
-84
-25
-4
33
8
-22
-5
-19
29
-80
-16
47
-84
-60
40
-8
54
23
-3
30
-47
15
96
-12
74
24
-45
-7
53
14
-1
8
81
-18
-11
53
-30
51
39
-69
-9
11
-33
41
-16
-45
35
29
-72
51
-43
-16
-31
33
120
1
-1
80
-10
3
-86
-71
-43
20
-20
-78
109
100
35
52
-124
62
-50
-25
62
-20
66
-24
5
-21
-35
-116
-140
1
19
-49
49
-44
56
-56
-32
45
-83
78
-20
-18
70
190
21
-90
15
-28
83
-39
35
-102
25
104
-23
-59
-15
-12
-13
26
-27
-3
-18
19
76
55
26
11
-16
-15
39
38
51
89
21
-9
41
66
45
-5
20
11
-41
53
-9
-25
24
-48
10
41
16
11
34
-3
3
23
-66
162
-64
-17
-41
21
11
-52
-39
69
19
-89
-43
-81
-19
5
-3
-56
-90
36
-19
55
60
-3
61
1
-18
53
-13
20
64
-38
-10
15
15
16
-49
1
4
-21
35
31
-15
-12
-29
-47
2
29
-62
-28
56
11
-50
-46
-97
42
-47
13
-84
10
14
76
-31
-111
6
3
-41
37
-14
-69
-21
-50
-1
-57
12
-33
16
1
-49
24
-15
20
41
21
28
-36
21
-54
24
-48
16
-3
56
-59
1
-20
-27
55
60
3
13
-51
6
-1
29
-39
9
-52
29
-26
76
-22
-59
-43
-55
-44
14
37
-1
-48
-65
-37
-31
63
68
14
69
-2
6
46
20
-25
39
37
-34
-27
68
48
-17
-40
29
-91
-23
64
-28
21
11
19
12
10
14
-4
-60
54
-37
19
-69
43
-14
13
45
-11
-14
-44
-39
15
0
-56
-14
55
-53
-17
69
18
28
-94
-20
38
44
14
-48
-31
-87
-55
-84
-12
-29
-55
22
33
9
62
64
-11
-130
-51
-32
-15
28
10
27
-61
-51
-11
27
-3
22
-21
31
21
-10
11
68
-11
-64
29
-1
23
-5
-16
-25
15
-26
-3
-5
-96
-1
90
10
17
49
-9
-32
36
79
49
36
-14
-32
25
24
-64
2
14
-16
-15
17
70
30
2
-115
63
39
10
-32
2
-18
66
32
-3
-4
25
17
71
-84
10
19
57
6
98
-9
-63
15
-16
-6
-2
-78
28
-24
24
-5
29
23
-60
58
72
9
36
-44
-5
-17
-59
-12
-45
5
-50
74
-56
75
-67
-9
-26
-6
-26
29
-3
16
74
49
14
29
-36
-24
-67
-23
67
-12
-29
78
28
-50
53
-11
-24
-46
25
0
24
1
20
9
-13
20
-60
21
115
14
-90
-4
10
13
-57
-32
23
55
0
105
-48
39
-40
-19
-28
46
-69
-73
9
11
-105
22
66
-13
-66
37
-10
33
10
3
-49
0
-37
34
-10
92
-36
63
28
13
4
18
43
-18
-15
120
-29
-28
47
0
33
-8
-130
21
20
50
102
-4
-20
-83
1
-74
-30
81
-39
13
-133
-97
-3
71
39
35
-39
-23
-31
103
40
-47
-49
26
-54
13
-28
-36
-53
17
-55
6
35
-26
-55
-27
-14
0
-2
-18
53
-48
50
-32
-97
-24
-27
8
-79
68
94
-83
60
78
5
-50
-5
-37
38
13
-30
8
-2
21
64
-20
-33
-63
33
8
35
64
78
33
13
-13
-39
47
-25
-67
3
63
8
-85
-13
-45
-54
-80
-25
66
-15
53
-46
15
-39
45
6
-44
-20
-45
-108
-23
8
-9
49
-40
39
-66
-79
28
19
-30
23
26
38
-118
-60
-78
-60
-1
-30
-4
27
-29
-31
31
13
6
47
-34
-45
40
1
-3
66
61
-15
20
-19
20
4
15
-17
80
28
-61
-59
-63
-25
72
9
-30
104
12
-16
-75
19
-79
48
54
-15
42
-12
-2
76
2
5
-25
50
19
-27
-10
5
38
-75
-87
-57
-8
-10
-3
-52
100
22
44
23
27
24
-39
-40
61
-35
-18
11
56
-6
-50
66
26
-42
-69
7
36
-29
-24
-50
-13
-16
-70
-67
90
-25
29
7
21
14
13
-27
57
-3
57
-14
58
13
12
2
-15
68
13
43
-13
-15
-4
44
39
-36
7
-42
29
8
-26
57
0
0
-33
-41
19
-32
65
-14
-55
-9
143
8
31
-6
8
-37
32
-62
88
141
78
37
63
-29
0
-66
72
76
95
3
28
7
34
121
-28
-20
11
77
-80
-58
56
37
-19
9
10
96
71
36
19
81
-6
18
-49
29
-55
103
-23
7
6
1
18
4
40
-55
-10
-4
-55
75
68
68
40
4
-47
-9
-43
-56
-53
2
7
-56
46
95
15
-55
-11
21
24
24
80
-19
28
23
9
-10
13
43
47
18
-102
13
-113
7
64
7
56
24
-40
-121
21
71
40
-91
-24
-18
-41
35
